0 0 0 0 0 0 0 0 0 0 0 0 0 0 0 0 0 0 0 0 0.003515 0.002584 0 0.003442 0.002639 0 0 0.001158 0.010695 0 0 0.010582 0 0 0.007792 0 0 0 0 0 0 0 0 0 0 0 0 0.326216 0.315853 0.326216 0.326216 0.326216 0.315853 0.326216 0.326216 0.326216 0.326216 0.326216 0.315853 0.326216 0.326216 0.326216 0.323787 0.334903 0.2948 0.326216 0.326216 0.330242 0.323787 0.326216 0.368908 0.374693 0.374693 0.326216 0.326216 0.326216 0.326216 0.326216 0.326216 0.326216 0.326216 0.326216 0.304489 0.326216 0.326216 0.326216 0.326216 0.326216 0.326216 0.326216 0.330242 0.326216 0.358578 0.306167 0.364222 0.318454 0.353974 0.355203 0.354036 0.334369 0.358212 0.359656 0.243607 0.3308 0.330242 0.313092 0.332764 0.483003 0.348945 0.387766 0.415828 0.309188 0.364222 0.359656 0.34961 0.343151 0.355203 0.349184 0.339605 0.345293 0.355203 0.364222 0.355203 0.355203 0.359656 0.345293 0.347434 0.372675 0.405465 0.364222 0.347165 0.394994 0.299822 0.239867 0.218002 0.229628 0.220543 0.218002 0.103301 0.035729 0.263417 0.270646 0.272864 0.249812 0.249812 0.260283 0.273889 0.270646 0.252835 0.273889 0.249812 Peking Linf1 #0000CD
0 0 0 0 0 0 0 0 0 0 0 0 0 0 0 0 0 0 0 0 0.003515 0.002584 0 0.003442 0.002639 0 0 0.001158 0.010695 0 0 0.010582 0 0 0.007792 0 0 0 0 0 0 0 0 0 0 0 0 0.326216 0.315853 0.326216 0.326216 0.326216 0.315853 0.326216 0.326216 0.326216 0.326216 0.326216 0.315853 0.326216 0.326216 0.326216 0.323787 0.334903 0.2948 0.326216 0.326216 0.330242 0.323787 0.326216 0.368908 0.374693 0.374693 0.326216 0.326216 0.326216 0.326216 0.326216 0.326216 0.326216 0.326216 0.326216 0.304489 0.326216 0.326216 0.326216 0.326216 0.326216 0.326216 0.326216 0.330242 0.326216 0.358578 0.306167 0.364222 0.318454 0.353974 0.355203 0.354036 0.334369 0.358212 0.359656 0.243607 0.3308 0.330242 0.313092 0.332764 0.483003 0.348945 0.387766 0.415828 0.309188 0.364222 0.359656 0.34961 0.343151 0.355203 0.349184 0.339605 0.345293 0.355203 0.364222 0.355203 0.355203 0.359656 0.345293 0.347434 0.372675 0.405465 0.364222 0.347165 0.394994 0.299822 0.239867 0.218002 0.229628 0.220543 0.218002 0.103301 0.035729 0.263417 0.270646 0.272864 0.249812 0.249812 0.260283 0.273889 0.270646 0.252835 0.273889 0.249812 D_2 Linf1 #0000CD
0 0 0 0 0 0 0 0 0 0 0 0 0 0 0 0 0 0 0 0 0.003552 0.002611 0 0.003478 0.002667 0 0 0.00117 0.010811 0 0 0.010695 0 0 0.007874 0 0 0 0 0 0 0 0 0 0 0 0 0.330242 0.31977 0.330242 0.330242 0.330242 0.31977 0.330242 0.330242 0.330242 0.330242 0.330242 0.31977 0.330242 0.330242 0.330242 0.327907 0.339111 0.298493 0.330242 0.330242 0.334369 0.327907 0.330242 0.373716 0.37949 0.37949 0.330242 0.330242 0.330242 0.330242 0.330242 0.330242 0.330242 0.330242 0.330242 0.309005 0.330242 0.330242 0.330242 0.330242 0.330242 0.330242 0.330242 0.334369 0.330242 0.363239 0.310155 0.368908 0.322773 0.358464 0.359656 0.358578 0.338602 0.362905 0.364222 0.247115 0.334903 0.334369 0.317096 0.336939 0.47237 0.345565 0.393489 0.421213 0.313092 0.368908 0.364222 0.354036 0.347434 0.359656 0.35364 0.343893 0.34961 0.359656 0.368908 0.359656 0.359656 0.364222 0.34961 0.351827 0.377763 0.410742 0.368908 0.351735 0.40016 0.303769 0.242745 0.220543 0.232341 0.223144 0.220543 0.104518 0.03616 0.266629 0.273889 0.276145 0.252835 0.252835 0.263417 0.277211 0.273889 0.255933 0.277211 0.252835 STRAIN_B Linf1 #0000CD
0 0 0 0 0 0 0 0 0 0 0 0 0 0 0 0 0 0 0 0 0.003515 0.002584 0 0.003442 0.002639 0 0 0.001158 0.010695 0 0 0.010582 0 0 0.007792 0 0 0 0 0 0 0 0 0 0 0 0 0.326216 0.315853 0.326216 0.326216 0.326216 0.315853 0.326216 0.326216 0.326216 0.326216 0.326216 0.315853 0.326216 0.326216 0.326216 0.323787 0.334903 0.2948 0.326216 0.326216 0.330242 0.323787 0.326216 0.368908 0.374693 0.374693 0.326216 0.326216 0.326216 0.326216 0.326216 0.326216 0.326216 0.326216 0.326216 0.304489 0.326216 0.326216 0.326216 0.326216 0.326216 0.326216 0.326216 0.330242 0.326216 0.358578 0.306167 0.364222 0.318454 0.353974 0.355203 0.354036 0.334369 0.358212 0.359656 0.243607 0.3308 0.330242 0.313092 0.332764 0.483003 0.348945 0.387766 0.415828 0.309188 0.364222 0.359656 0.34961 0.343151 0.355203 0.349184 0.339605 0.345293 0.355203 0.364222 0.355203 0.355203 0.359656 0.345293 0.347434 0.372675 0.405465 0.364222 0.347165 0.394994 0.299822 0.239867 0.218002 0.229628 0.220543 0.218002 0.103301 0.035729 0.263417 0.270646 0.272864 0.249812 0.249812 0.260283 0.273889 0.270646 0.252835 0.273889 0.249812 STRAIN_A Linf1 #0000CD
0 0 0 0 0 0 0 0 0 0 0 0 0 0 0 0 0 0 0 0 0.003552 0.002611 0 0.003478 0.002667 0 0 0.00117 0.010811 0 0 0.010695 0 0 0.007874 0 0 0 0 0 0 0 0 0 0 0 0 0.330242 0.31977 0.330242 0.330242 0.330242 0.31977 0.330242 0.330242 0.330242 0.330242 0.330242 0.31977 0.330242 0.330242 0.330242 0.327907 0.339111 0.298493 0.330242 0.330242 0.334369 0.327907 0.330242 0.373716 0.37949 0.37949 0.330242 0.330242 0.330242 0.330242 0.330242 0.330242 0.330242 0.330242 0.330242 0.309005 0.330242 0.330242 0.330242 0.330242 0.330242 0.330242 0.330242 0.334369 0.330242 0.363239 0.310155 0.368908 0.322773 0.358464 0.359656 0.358578 0.338602 0.362905 0.364222 0.247115 0.334903 0.334369 0.317096 0.336939 0.483003 0.353703 0.393489 0.421213 0.309188 0.35364 0.349184 0.339111 0.332764 0.34484 0.338602 0.339605 0.334903 0.34484 0.35364 0.34484 0.34484 0.349184 0.334903 0.347434 0.372675 0.410742 0.35364 0.347165 0.40016 0.303769 0.239867 0.220543 0.232341 0.220543 0.220543 0.103301 0.03616 0.263417 0.260283 0.262478 0.249812 0.249812 0.249812 0.263417 0.260283 0.252835 0.263417 0.249812 RACOON_DOG Linf1 #0000CD
0 0 0 0 0 0 0 0 0 0 0 0 0 0 0 0 0 0 0 0 0.003515 0.002584 0 0.003442 0.002639 0 0 0.001158 0.010695 0 0 0.010582 0 0 0.007792 0 0 0 0 0 0 0 0 0 0 0 0 0.326216 0.315853 0.326216 0.326216 0.326216 0.315853 0.326216 0.326216 0.326216 0.326216 0.326216 0.315853 0.326216 0.326216 0.326216 0.323787 0.334903 0.2948 0.326216 0.326216 0.330242 0.323787 0.326216 0.368908 0.374693 0.374693 0.326216 0.326216 0.326216 0.326216 0.326216 0.326216 0.326216 0.326216 0.326216 0.304489 0.326216 0.326216 0.326216 0.326216 0.326216 0.326216 0.326216 0.330242 0.326216 0.358578 0.306167 0.364222 0.318454 0.353974 0.355203 0.354036 0.334369 0.358212 0.359656 0.243607 0.3308 0.330242 0.313092 0.332764 0.483003 0.348945 0.387766 0.415828 0.309188 0.364222 0.359656 0.34961 0.343151 0.355203 0.349184 0.339605 0.345293 0.355203 0.364222 0.355203 0.355203 0.359656 0.345293 0.347434 0.372675 0.405465 0.364222 0.347165 0.394994 0.299822 0.239867 0.218002 0.229628 0.220543 0.218002 0.103301 0.035729 0.263417 0.270646 0.272864 0.249812 0.249812 0.260283 0.273889 0.270646 0.252835 0.273889 0.249812 SKIN Linf1 #0000CD
0 0 0 0 0 0 0 0 0 0 0 0 0 0 0 0 0 0 0 0 0.003515 0.002584 0 0.003442 0.002639 0 0 0.001158 0.010695 0 0 0.010582 0 0 0.007792 0 0 0 0 0 0 0 0 0 0 0 0 0.326216 0.315853 0.326216 0.326216 0.326216 0.315853 0.326216 0.326216 0.326216 0.326216 0.326216 0.315853 0.326216 0.326216 0.326216 0.323787 0.334903 0.2948 0.326216 0.326216 0.330242 0.323787 0.326216 0.368908 0.374693 0.374693 0.326216 0.326216 0.326216 0.326216 0.326216 0.326216 0.326216 0.326216 0.326216 0.304489 0.326216 0.326216 0.326216 0.326216 0.326216 0.326216 0.326216 0.330242 0.326216 0.358578 0.306167 0.364222 0.318454 0.353974 0.355203 0.354036 0.334369 0.358212 0.359656 0.243607 0.3308 0.330242 0.313092 0.332764 0.483003 0.348945 0.387766 0.415828 0.309188 0.364222 0.359656 0.34961 0.343151 0.355203 0.349184 0.339605 0.345293 0.355203 0.364222 0.355203 0.355203 0.359656 0.345293 0.347434 0.372675 0.405465 0.364222 0.347165 0.394994 0.299822 0.239867 0.218002 0.229628 0.220543 0.218002 0.103301 0.035729 0.263417 0.270646 0.272864 0.249812 0.249812 0.260283 0.273889 0.270646 0.252835 0.273889 0.249812 DOG_STRAIN Linf1 #0000CD
0 0 0 0 0 0 0 0 0 0 0 0 0 0 0 0 0 0 0 0 0.003515 0.002584 0 0.003442 0.002639 0 0 0.001158 0.010695 0 0 0.010582 0 0 0.007792 0 0 0 0 0 0 0 0 0 0 0 0 0.326216 0.315853 0.326216 0.326216 0.326216 0.315853 0.326216 0.326216 0.326216 0.326216 0.326216 0.315853 0.326216 0.326216 0.326216 0.323787 0.334903 0.2948 0.326216 0.326216 0.330242 0.323787 0.326216 0.368908 0.374693 0.374693 0.326216 0.326216 0.326216 0.326216 0.326216 0.326216 0.326216 0.326216 0.326216 0.304489 0.326216 0.326216 0.326216 0.326216 0.326216 0.326216 0.326216 0.330242 0.326216 0.358578 0.306167 0.364222 0.318454 0.353974 0.355203 0.354036 0.334369 0.358212 0.359656 0.243607 0.3308 0.330242 0.313092 0.332764 0.483003 0.348945 0.387766 0.415828 0.309188 0.364222 0.359656 0.34961 0.343151 0.355203 0.349184 0.339605 0.345293 0.355203 0.364222 0.355203 0.355203 0.359656 0.345293 0.347434 0.372675 0.405465 0.364222 0.347165 0.394994 0.299822 0.239867 0.218002 0.229628 0.220543 0.218002 0.103301 0.035729 0.263417 0.270646 0.272864 0.249812 0.249812 0.260283 0.273889 0.270646 0.252835 0.273889 0.249812 LRC.L1311 Linf1 #0000CD
0 0 0 0 0 0 0 0 0 0 0 0 0 0 0 0 0 0 0 0 0.003515 0.002584 0 0.003442 0.002639 0 0 0.001158 0.010695 0 0 0.010582 0 0 0.007792 0 0 0 0 0 0 0 0 0 0 0 0 0.326216 0.315853 0.326216 0.326216 0.326216 0.315853 0.326216 0.326216 0.326216 0.326216 0.326216 0.315853 0.326216 0.326216 0.326216 0.323787 0.334903 0.2948 0.326216 0.326216 0.330242 0.323787 0.326216 0.368908 0.374693 0.374693 0.326216 0.326216 0.326216 0.326216 0.326216 0.326216 0.326216 0.326216 0.326216 0.304489 0.326216 0.326216 0.326216 0.326216 0.326216 0.326216 0.326216 0.330242 0.326216 0.358578 0.306167 0.364222 0.318454 0.353974 0.355203 0.354036 0.334369 0.358212 0.359656 0.243607 0.3308 0.330242 0.313092 0.332764 0.483003 0.348945 0.387766 0.415828 0.309188 0.364222 0.359656 0.34961 0.343151 0.355203 0.349184 0.339605 0.345293 0.355203 0.364222 0.355203 0.355203 0.359656 0.345293 0.347434 0.372675 0.405465 0.364222 0.347165 0.394994 0.299822 0.239867 0.218002 0.229628 0.220543 0.218002 0.103301 0.035729 0.263417 0.270646 0.272864 0.249812 0.249812 0.260283 0.273889 0.270646 0.252835 0.273889 0.249812 LRC.L1313 Linf1 #0000CD
0 0 0 0 0 0 0 0 0 0 0 0 0 0 0 0 0 0 0 0 0.003515 0.002584 0 0.003442 0.002639 0 0 0.001158 0.010695 0 0 0.010582 0 0 0.007792 0 0 0 0 0 0 0 0 0 0 0 0 0.326216 0.315853 0.326216 0.326216 0.326216 0.315853 0.326216 0.326216 0.326216 0.326216 0.326216 0.315853 0.326216 0.326216 0.326216 0.323787 0.334903 0.2948 0.326216 0.326216 0.330242 0.323787 0.326216 0.368908 0.374693 0.374693 0.326216 0.326216 0.326216 0.326216 0.326216 0.326216 0.326216 0.326216 0.326216 0.304489 0.326216 0.326216 0.326216 0.326216 0.326216 0.326216 0.326216 0.330242 0.326216 0.358578 0.306167 0.364222 0.318454 0.353974 0.355203 0.354036 0.334369 0.358212 0.359656 0.243607 0.3308 0.330242 0.313092 0.332764 0.483003 0.348945 0.387766 0.415828 0.309188 0.364222 0.359656 0.34961 0.343151 0.355203 0.349184 0.339605 0.345293 0.355203 0.364222 0.355203 0.355203 0.359656 0.345293 0.347434 0.372675 0.405465 0.364222 0.347165 0.394994 0.299822 0.239867 0.218002 0.229628 0.220543 0.218002 0.103301 0.035729 0.263417 0.270646 0.272864 0.249812 0.249812 0.260283 0.273889 0.270646 0.252835 0.273889 0.249812 Inf007 Linf1 #0000CD
0 0 0 0 0 0 0 0 0 0 0 0 0 0 0 0 0 0 0 0 0.003591 0.002639 0 0.003515 0.002695 0 0 0.001183 0.010929 0 0 0.010811 0 0 0.007958 0 0 0 0 0 0 0 0 0 0 0 0 0.31977 0.309188 0.31977 0.31977 0.31977 0.309188 0.31977 0.31977 0.31977 0.31977 0.31977 0.309188 0.31977 0.31977 0.31977 0.317096 0.328501 0.287682 0.31977 0.31977 0.323787 0.317096 0.31977 0.362905 0.368908 0.368908 0.31977 0.31977 0.31977 0.31977 0.31977 0.31977 0.31977 0.31977 0.31977 0.309005 0.31977 0.31977 0.31977 0.31977 0.31977 0.31977 0.31977 0.323787 0.31977 0.352399 0.298982 0.358212 0.327213 0.347861 0.349184 0.347854 0.342945 0.362905 0.364222 0.250726 0.339111 0.334369 0.321205 0.338602 0.496511 0.358594 0.399386 0.426743 0.317096 0.368908 0.364222 0.358578 0.351827 0.364222 0.35364 0.348292 0.354036 0.364222 0.368908 0.364222 0.364222 0.364222 0.354036 0.356334 0.377763 0.41616 0.368908 0.356428 0.405465 0.307823 0.245692 0.223144 0.23512 0.225807 0.223144 0.105764 0.036602 0.26992 0.277211 0.279506 0.255933 0.255933 0.266629 0.280615 0.277211 0.259109 0.277211 0.255933 LRC.L699 Linf1 #0000CD
0 0 0 0 0 0 0 0 0 0 0 0 0 0 0 0 0 0 0 0 0.003515 0.002584 0 0.003442 0.002639 0 0 0.001158 0.010695 0 0 0.010582 0 0 0.007792 0 0 0 0 0 0 0 0 0 0 0 0 0.326216 0.315853 0.326216 0.326216 0.326216 0.315853 0.326216 0.326216 0.326216 0.326216 0.326216 0.315853 0.326216 0.326216 0.326216 0.323787 0.334903 0.2948 0.326216 0.326216 0.330242 0.323787 0.326216 0.368908 0.374693 0.374693 0.326216 0.326216 0.326216 0.326216 0.326216 0.326216 0.326216 0.326216 0.326216 0.304489 0.326216 0.326216 0.326216 0.326216 0.326216 0.326216 0.326216 0.330242 0.326216 0.358578 0.306167 0.364222 0.318454 0.353974 0.355203 0.354036 0.334369 0.358212 0.359656 0.243607 0.3308 0.330242 0.313092 0.332764 0.483003 0.348945 0.387766 0.415828 0.309188 0.364222 0.359656 0.34961 0.343151 0.355203 0.349184 0.339605 0.345293 0.355203 0.364222 0.355203 0.355203 0.359656 0.345293 0.347434 0.372675 0.405465 0.364222 0.347165 0.394994 0.299822 0.239867 0.218002 0.229628 0.220543 0.218002 0.103301 0.035729 0.263417 0.270646 0.272864 0.249812 0.249812 0.260283 0.273889 0.270646 0.252835 0.273889 0.249812 LRC.L1275 Linf1 #0000CD
0 0 0 0 0 0 0 0 0 0 0 0 0 0 0 0 0 0 0 0 0.003515 0.002584 0 0.003442 0.002639 0 0 0.001158 0.010695 0 0 0.010582 0 0 0.007792 0 0 0 0 0 0 0 0 0 0 0 0 0.326216 0.315853 0.326216 0.326216 0.326216 0.315853 0.326216 0.326216 0.326216 0.326216 0.326216 0.315853 0.326216 0.326216 0.326216 0.323787 0.334903 0.2948 0.326216 0.326216 0.330242 0.323787 0.326216 0.368908 0.374693 0.374693 0.326216 0.326216 0.326216 0.326216 0.326216 0.326216 0.326216 0.326216 0.326216 0.304489 0.326216 0.326216 0.326216 0.326216 0.326216 0.326216 0.326216 0.330242 0.326216 0.358578 0.306167 0.364222 0.318454 0.353974 0.355203 0.354036 0.334369 0.358212 0.359656 0.243607 0.3308 0.330242 0.313092 0.332764 0.483003 0.348945 0.387766 0.415828 0.309188 0.364222 0.359656 0.34961 0.343151 0.355203 0.349184 0.339605 0.345293 0.355203 0.364222 0.355203 0.355203 0.359656 0.345293 0.347434 0.372675 0.405465 0.364222 0.347165 0.394994 0.299822 0.239867 0.218002 0.229628 0.220543 0.218002 0.103301 0.035729 0.263417 0.270646 0.272864 0.249812 0.249812 0.260283 0.273889 0.270646 0.252835 0.273889 0.249812 TH4 Linf1 #0000CD
0 0 0 0 0 0 0 0 0 0 0 0 0 0 0 0 0 0 0 0 0.003515 0.002584 0 0.003442 0.002639 0 0 0.001158 0.010695 0 0 0.010582 0 0 0.007792 0 0 0 0 0 0 0 0 0 0 0 0 0.326216 0.315853 0.326216 0.326216 0.326216 0.315853 0.326216 0.326216 0.326216 0.326216 0.326216 0.315853 0.326216 0.326216 0.326216 0.323787 0.334903 0.2948 0.326216 0.326216 0.330242 0.323787 0.326216 0.368908 0.374693 0.374693 0.326216 0.326216 0.326216 0.326216 0.326216 0.326216 0.326216 0.326216 0.326216 0.304489 0.326216 0.326216 0.326216 0.326216 0.326216 0.326216 0.326216 0.330242 0.326216 0.358578 0.306167 0.364222 0.318454 0.353974 0.355203 0.354036 0.334369 0.358212 0.359656 0.243607 0.3308 0.330242 0.313092 0.332764 0.483003 0.348945 0.387766 0.415828 0.309188 0.364222 0.359656 0.34961 0.343151 0.355203 0.349184 0.339605 0.345293 0.355203 0.364222 0.355203 0.355203 0.359656 0.345293 0.347434 0.372675 0.405465 0.364222 0.347165 0.394994 0.299822 0.239867 0.218002 0.229628 0.220543 0.218002 0.103301 0.035729 0.263417 0.270646 0.272864 0.249812 0.249812 0.260283 0.273889 0.270646 0.252835 0.273889 0.249812 TH5 Linf1 #0000CD
0 0 0 0 0 0 0 0 0 0 0 0 0 0 0 0 0 0 0 0 0.003552 0.002611 0 0.003478 0.002639 0 0 0.00117 0.010695 0 0 0.010582 0 0 0.007874 0 0 0 0 0 0 0 0 0 0 0 0 0.315853 0.305382 0.315853 0.315853 0.315853 0.305382 0.315853 0.315853 0.315853 0.315853 0.315853 0.305382 0.315853 0.315853 0.315853 0.313092 0.324405 0.284104 0.315853 0.315853 0.31977 0.313092 0.315853 0.358212 0.364222 0.364222 0.315853 0.315853 0.315853 0.315853 0.315853 0.315853 0.315853 0.315853 0.315853 0.29191 0.315853 0.315853 0.315853 0.315853 0.315853 0.315853 0.315853 0.31977 0.315853 0.347854 0.295117 0.35364 0.318454 0.343482 0.34484 0.343426 0.323787 0.358212 0.349184 0.243607 0.32041 0.31977 0.302281 0.322268 0.47237 0.337617 0.375789 0.405465 0.298493 0.35364 0.349184 0.339111 0.332764 0.34484 0.338602 0.329078 0.334903 0.34484 0.35364 0.34484 0.34484 0.349184 0.334903 0.336939 0.361502 0.394994 0.35364 0.336231 0.384412 0.299822 0.229322 0.207639 0.219183 0.210071 0.207639 0.098819 0.033045 0.252835 0.260283 0.262478 0.23923 0.23923 0.249812 0.263417 0.260283 0.24214 0.263417 0.23923 TH6 Linf1 #0000CD
0 0 0 0 0 0 0 0 0 0 0 0 0 0 0 0 0 0 0 0 0.003515 0.002584 0 0.003442 0.002639 0 0 0.001158 0.010695 0 0 0.010582 0 0 0.007792 0 0 0 0 0 0 0 0 0 0 0 0 0.326216 0.315853 0.326216 0.326216 0.326216 0.315853 0.326216 0.326216 0.326216 0.326216 0.326216 0.315853 0.326216 0.326216 0.326216 0.323787 0.334903 0.2948 0.326216 0.326216 0.330242 0.323787 0.326216 0.368908 0.374693 0.374693 0.326216 0.326216 0.326216 0.326216 0.326216 0.326216 0.326216 0.326216 0.326216 0.304489 0.326216 0.326216 0.326216 0.326216 0.326216 0.326216 0.326216 0.330242 0.326216 0.358578 0.306167 0.364222 0.318454 0.353974 0.355203 0.354036 0.334369 0.358212 0.359656 0.243607 0.3308 0.330242 0.313092 0.332764 0.483003 0.348945 0.387766 0.415828 0.309188 0.364222 0.359656 0.34961 0.343151 0.355203 0.349184 0.339605 0.345293 0.355203 0.364222 0.355203 0.355203 0.359656 0.345293 0.347434 0.372675 0.405465 0.364222 0.347165 0.394994 0.299822 0.239867 0.218002 0.229628 0.220543 0.218002 0.103301 0.035729 0.263417 0.270646 0.272864 0.249812 0.249812 0.260283 0.273889 0.270646 0.252835 0.273889 0.249812 NT10 Linf1 #0000CD
0 0 0 0 0 0 0 0 0 0 0 0 0 0 0 0 0 0 0 0 0.003515 0.002584 0 0.003442 0.002639 0 0 0.001158 0.010695 0 0 0.010582 0 0 0.007792 0 0 0 0 0 0 0 0 0 0 0 0 0.326216 0.315853 0.326216 0.326216 0.326216 0.315853 0.326216 0.326216 0.326216 0.326216 0.326216 0.315853 0.326216 0.326216 0.326216 0.323787 0.334903 0.2948 0.326216 0.326216 0.330242 0.323787 0.326216 0.368908 0.374693 0.374693 0.326216 0.326216 0.326216 0.326216 0.326216 0.326216 0.326216 0.326216 0.326216 0.304489 0.326216 0.326216 0.326216 0.326216 0.326216 0.326216 0.326216 0.330242 0.326216 0.358578 0.306167 0.364222 0.318454 0.353974 0.355203 0.354036 0.334369 0.358212 0.359656 0.243607 0.3308 0.330242 0.313092 0.332764 0.483003 0.348945 0.387766 0.415828 0.309188 0.364222 0.359656 0.34961 0.343151 0.355203 0.349184 0.339605 0.345293 0.355203 0.364222 0.355203 0.355203 0.359656 0.345293 0.347434 0.372675 0.405465 0.364222 0.347165 0.394994 0.299822 0.239867 0.218002 0.229628 0.220543 0.218002 0.103301 0.035729 0.263417 0.270646 0.272864 0.249812 0.249812 0.260283 0.273889 0.270646 0.252835 0.273889 0.249812 NT16 Linf1 #0000CD
0 0 0 0 0 0 0 0 0 0 0 0 0 0 0 0 0 0 0 0 0.003552 0.002611 0 0.003478 0.002639 0 0 0.00117 0.010695 0 0 0.010582 0 0 0.007874 0 0 0 0 0 0 0 0 0 0 0 0 0.315853 0.305382 0.315853 0.315853 0.315853 0.305382 0.315853 0.315853 0.315853 0.315853 0.315853 0.305382 0.315853 0.315853 0.315853 0.313092 0.324405 0.284104 0.315853 0.315853 0.31977 0.313092 0.315853 0.358212 0.364222 0.364222 0.315853 0.315853 0.315853 0.315853 0.315853 0.315853 0.315853 0.315853 0.315853 0.29191 0.315853 0.315853 0.315853 0.315853 0.315853 0.315853 0.315853 0.31977 0.315853 0.347854 0.295117 0.35364 0.318454 0.343482 0.34484 0.343426 0.323787 0.358212 0.349184 0.243607 0.32041 0.31977 0.302281 0.322268 0.47237 0.337617 0.375789 0.405465 0.298493 0.35364 0.349184 0.339111 0.332764 0.34484 0.338602 0.329078 0.334903 0.34484 0.35364 0.34484 0.34484 0.349184 0.334903 0.336939 0.361502 0.394994 0.35364 0.336231 0.384412 0.299822 0.229322 0.207639 0.219183 0.210071 0.207639 0.098819 0.033045 0.252835 0.260283 0.262478 0.23923 0.23923 0.249812 0.263417 0.260283 0.24214 0.263417 0.23923 LRC.L1312 Linf1 #0000CD
0 0 0 0 0 0 0 0 0 0 0 0 0 0 0 0 0 0 0 0 0.003515 0.002584 0 0.003442 0.002639 0 0 0.001158 0.010695 0 0 0.010582 0 0 0.007792 0 0 0 0 0 0 0 0 0 0 0 0 0.326216 0.315853 0.326216 0.326216 0.326216 0.315853 0.326216 0.326216 0.326216 0.326216 0.326216 0.315853 0.326216 0.326216 0.326216 0.323787 0.334903 0.2948 0.326216 0.326216 0.330242 0.323787 0.326216 0.368908 0.374693 0.374693 0.326216 0.326216 0.326216 0.326216 0.326216 0.326216 0.326216 0.326216 0.326216 0.304489 0.326216 0.326216 0.326216 0.326216 0.326216 0.326216 0.326216 0.330242 0.326216 0.358578 0.306167 0.364222 0.318454 0.353974 0.355203 0.354036 0.334369 0.358212 0.359656 0.243607 0.3308 0.330242 0.313092 0.332764 0.483003 0.348945 0.387766 0.415828 0.309188 0.364222 0.359656 0.34961 0.343151 0.355203 0.349184 0.339605 0.345293 0.355203 0.364222 0.355203 0.355203 0.359656 0.345293 0.347434 0.372675 0.405465 0.364222 0.347165 0.394994 0.299822 0.239867 0.218002 0.229628 0.220543 0.218002 0.103301 0.035729 0.263417 0.270646 0.272864 0.249812 0.249812 0.260283 0.273889 0.270646 0.252835 0.273889 0.249812 LRC.L1296 Linf1 #0000CD
0 0 0 0 0 0 0 0 0 0 0 0 0 0 0 0 0 0 0 0 0.003515 0.002584 0 0.003442 0.002639 0 0 0.001158 0.010695 0 0 0.010582 0 0 0.007792 0 0 0 0 0 0 0 0 0 0 0 0 0.326216 0.315853 0.326216 0.326216 0.326216 0.315853 0.326216 0.326216 0.326216 0.326216 0.326216 0.315853 0.326216 0.326216 0.326216 0.323787 0.334903 0.2948 0.326216 0.326216 0.330242 0.323787 0.326216 0.368908 0.374693 0.374693 0.326216 0.326216 0.326216 0.326216 0.326216 0.326216 0.326216 0.326216 0.326216 0.304489 0.326216 0.326216 0.326216 0.326216 0.326216 0.326216 0.326216 0.330242 0.326216 0.358578 0.306167 0.364222 0.318454 0.353974 0.355203 0.354036 0.334369 0.358212 0.359656 0.243607 0.3308 0.330242 0.313092 0.332764 0.483003 0.348945 0.387766 0.415828 0.309188 0.364222 0.359656 0.34961 0.343151 0.355203 0.349184 0.339605 0.345293 0.355203 0.364222 0.355203 0.355203 0.359656 0.345293 0.347434 0.372675 0.405465 0.364222 0.347165 0.394994 0.299822 0.239867 0.218002 0.229628 0.220543 0.218002 0.103301 0.035729 0.263417 0.270646 0.272864 0.249812 0.249812 0.260283 0.273889 0.270646 0.252835 0.273889 0.249812 LRC_L1303 Linf1 #0000CD
0.003515 0.003515 0.003552 0.003515 0.003552 0.003515 0.003515 0.003515 0.003515 0.003515 0.003591 0.003515 0.003515 0.003515 0.003552 0.003515 0.003515 0.003552 0.003515 0.003515 0 0.00621 0.003515 0.007143 0.006345 0.00363 0.003591 0.004773 0.007299 0.003515 0.003515 0.00722 0.003752 0.003515 0.00089 0.003552 0.003515 0.003515 0.003515 0.003591 0.003515 0.003552 0.003552 0.003552 0.003552 0.003552 0.003552 0.312703 0.312703 0.312703 0.312703 0.312703 0.312703 0.312703 0.312703 0.312703 0.312703 0.312703 0.302045 0.312703 0.312703 0.312703 0.309797 0.321358 0.280383 0.312703 0.312703 0.316644 0.309797 0.312703 0.355606 0.361765 0.361765 0.312703 0.312703 0.312703 0.312703 0.312703 0.312703 0.312703 0.312703 0.312703 0.31318 0.312703 0.312703 0.312703 0.312703 0.312703 0.312703 0.312703 0.316644 0.312703 0.345099 0.291434 0.350992 0.3034 0.340718 0.342117 0.340634 0.331459 0.344596 0.346497 0.251438 0.317337 0.316644 0.309797 0.319188 0.471695 0.334782 0.385392 0.403675 0.294981 0.350992 0.346497 0.336283 0.329871 0.342117 0.335724 0.326112 0.332044 0.342117 0.350992 0.342117 0.342117 0.346497 0.332044 0.334077 0.358829 0.393017 0.350992 0.33338 0.393017 0.284804 0.224944 0.203004 0.214719 0.205418 0.203004 0.099555 0.040926 0.248713 0.25635 0.258582 0.23492 0.23492 0.245692 0.259486 0.25635 0.237823 0.259486 0.23492 Inf152 Linf1 #0000CD
0.002584 0.002584 0.002611 0.002584 0.002611 0.002584 0.002584 0.002584 0.002584 0.002584 0.002639 0.002584 0.002584 0.002584 0.002611 0.002584 0.002584 0.002611 0.002584 0.002584 0.00621 0 0.002584 0.00608 0.005305 0 0.002667 0.003787 0.013419 0.002584 0.002584 0.013277 0.002786 0.002584 0.010458 0.002611 0.002584 0.002584 0.002584 0.002639 0.002584 0.002611 0.002611 0.002611 0.002611 0.002611 0.002611 0.3308 0.32041 0.3308 0.3308 0.3308 0.32041 0.3308 0.3308 0.3308 0.3308 0.3308 0.32041 0.3308 0.3308 0.3308 0.328501 0.339619 0.299301 0.3308 0.3308 0.334903 0.328501 0.3308 0.373963 0.379687 0.379687 0.3308 0.3308 0.3308 0.3308 0.3308 0.3308 0.3308 0.3308 0.3308 0.309865 0.3308 0.3308 0.3308 0.3308 0.3308 0.3308 0.3308 0.334903 0.3308 0.363574 0.310903 0.369188 0.323448 0.358826 0.359999 0.358945 0.339111 0.363239 0.364535 0.243607 0.335437 0.334903 0.317776 0.337461 0.488973 0.354231 0.393591 0.421087 0.313794 0.369188 0.364535 0.354434 0.347875 0.359999 0.354036 0.344374 0.350035 0.359999 0.369188 0.359999 0.359999 0.364535 0.350035 0.35224 0.377987 0.410697 0.369188 0.35222 0.400198 0.304584 0.243945 0.221849 0.233601 0.224446 0.221849 0.106852 0.03904 0.267652 0.274842 0.277091 0.253953 0.253953 0.264452 0.278151 0.274842 0.257042 0.278151 0.253953 ISS174 Linf1 #0000CD
0 0 0 0 0 0 0 0 0 0 0 0 0 0 0 0 0 0 0 0 0.003515 0.002584 0 0.003442 0.002639 0 0 0.001158 0.010695 0 0 0.010582 0 0 0.007792 0 0 0 0 0 0 0 0 0 0 0 0 0.326216 0.315853 0.326216 0.326216 0.326216 0.315853 0.326216 0.326216 0.326216 0.326216 0.326216 0.315853 0.326216 0.326216 0.326216 0.323787 0.334903 0.2948 0.326216 0.326216 0.330242 0.323787 0.326216 0.368908 0.374693 0.374693 0.326216 0.326216 0.326216 0.326216 0.326216 0.326216 0.326216 0.326216 0.326216 0.304489 0.326216 0.326216 0.326216 0.326216 0.326216 0.326216 0.326216 0.330242 0.326216 0.358578 0.306167 0.364222 0.318454 0.353974 0.355203 0.354036 0.334369 0.358212 0.359656 0.243607 0.3308 0.330242 0.313092 0.332764 0.483003 0.348945 0.387766 0.415828 0.309188 0.364222 0.359656 0.34961 0.343151 0.355203 0.349184 0.339605 0.345293 0.355203 0.364222 0.355203 0.355203 0.359656 0.345293 0.347434 0.372675 0.405465 0.364222 0.347165 0.394994 0.299822 0.239867 0.218002 0.229628 0.220543 0.218002 0.103301 0.035729 0.263417 0.270646 0.272864 0.249812 0.249812 0.260283 0.273889 0.270646 0.252835 0.273889 0.249812 ISS2420 Linf1 #0000CD
0.003442 0.003442 0.003478 0.003442 0.003478 0.003442 0.003442 0.003442 0.003442 0.003442 0.003515 0.003442 0.003442 0.003442 0.003478 0.003442 0.003442 0.003478 0.003442 0.003442 0.007143 0.00608 0.003442 0 0.00621 0.003552 0.003552 0.004673 0.014363 0.003442 0.003442 0.01421 0.00371 0.003442 0.011398 0.003478 0.003442 0.003442 0.003442 0.003515 0.003442 0.003478 0.003478 0.003478 0.003478 0.003478 0.003478 0.333684 0.323249 0.333684 0.333684 0.333684 0.323249 0.333684 0.333684 0.333684 0.333684 0.333684 0.323249 0.333684 0.333684 0.333684 0.331459 0.342617 0.302045 0.333684 0.333684 0.337847 0.331459 0.333684 0.377269 0.382968 0.382968 0.333684 0.333684 0.333684 0.333684 0.333684 0.333684 0.333684 0.333684 0.333684 0.31318 0.333684 0.333684 0.333684 0.333684 0.333684 0.333684 0.333684 0.337847 0.333684 0.36682 0.313825 0.372422 0.326568 0.361963 0.363098 0.362121 0.342117 0.366496 0.3677 0.251438 0.338373 0.337847 0.320687 0.340441 0.493227 0.357731 0.397465 0.424656 0.316644 0.372422 0.3677 0.357542 0.350901 0.363098 0.357155 0.347427 0.353079 0.363098 0.372422 0.363098 0.363098 0.3677 0.353079 0.35533 0.381473 0.41422 0.372422 0.355526 0.403675 0.307511 0.246297 0.223985 0.235865 0.226622 0.223985 0.108632 0.04043 0.270144 0.277331 0.279611 0.25635 0.25635 0.266896 0.280689 0.277331 0.259486 0.280689 0.25635 ISS2426 Linf1 #0000CD
0.002639 0.002639 0.002667 0.002639 0.002667 0.002639 0.002639 0.002639 0.002639 0.002639 0.002695 0.002639 0.002639 0.002639 0.002639 0.002639 0.002639 0.002639 0.002639 0.002639 0.006345 0.005305 0.002639 0.00621 0 0.002695 0.002725 0.003868 0.013565 0.002639 0.002639 0.013419 0.002817 0.002639 0.010681 0.002667 0.002639 0.002639 0.002639 0.002667 0.002639 0.002667 0.002667 0.002639 0.002639 0.002667 0.002667 0.309912 0.299301 0.309912 0.309912 0.309912 0.299301 0.309912 0.309912 0.309912 0.309912 0.309912 0.299301 0.309912 0.309912 0.309912 0.306936 0.318454 0.277737 0.309912 0.309912 0.313794 0.306936 0.309912 0.352399 0.358578 0.358578 0.309912 0.309912 0.309912 0.309912 0.309912 0.309912 0.309912 0.309912 0.309912 0.284467 0.309912 0.309912 0.309912 0.309912 0.309912 0.309912 0.309912 0.313794 0.309912 0.341952 0.288618 0.347854 0.311986 0.337675 0.339111 0.337554 0.317776 0.352399 0.343426 0.248544 0.314493 0.313794 0.295977 0.316303 0.467537 0.331384 0.36942 0.400198 0.29223 0.347854 0.343426 0.333269 0.326938 0.339111 0.332702 0.323153 0.329092 0.339111 0.347854 0.339111 0.339111 0.343426 0.329092 0.331081 0.355451 0.389588 0.347854 0.330173 0.378864 0.293348 0.222686 0.20096 0.212547 0.203337 0.20096 0.097821 0.033632 0.246318 0.253953 0.256154 0.243343 0.232619 0.243343 0.257042 0.253953 0.235477 0.257042 0.232619 ISS2429 Linf1 #0000CD
0 0 0 0 0 0 0 0 0 0 0 0 0 0 0 0 0 0 0 0 0.00363 0 0 0.003552 0.002695 0 0 0.001195 0.010929 0 0 0.010811 0 0 0.008043 0 0 0 0 0 0 0 0 0 0 0 0 0.309188 0.298493 0.309188 0.309188 0.309188 0.298493 0.309188 0.309188 0.309188 0.309188 0.309188 0.298493 0.309188 0.309188 0.309188 0.306167 0.317776 0.276753 0.309188 0.309188 0.313092 0.306167 0.309188 0.351976 0.358212 0.358212 0.309188 0.309188 0.309188 0.309188 0.309188 0.309188 0.309188 0.309188 0.309188 0.283362 0.309188 0.309188 0.309188 0.309188 0.309188 0.309188 0.309188 0.313092 0.309188 0.341439 0.287682 0.347401 0.311213 0.337144 0.338602 0.337014 0.317096 0.351976 0.342945 0.230986 0.313794 0.313092 0.295117 0.315611 0.468052 0.330654 0.369097 0.40016 0.306167 0.362905 0.358212 0.347854 0.34122 0.35364 0.347401 0.337539 0.343426 0.35364 0.362905 0.35364 0.35364 0.358212 0.343426 0.345613 0.371564 0.389465 0.362905 0.340209 0.378654 0.292438 0.23492 0.212561 0.224453 0.215111 0.212561 0.101192 0.030684 0.259109 0.266629 0.268899 0.245122 0.245122 0.255933 0.26992 0.266629 0.24818 0.26992 0.245122 ISS2508 Linf1 #0000CD
0 0 0 0 0 0 0 0 0 0 0 0 0 0 0 0 0 0 0 0 0.003591 0.002667 0 0.003552 0.002725 0 0 0.001195 0.01105 0 0 0.010929 0 0 0.008043 0 0 0 0 0 0 0 0 0 0 0 0 0.323787 0.323787 0.323787 0.323787 0.323787 0.313092 0.323787 0.323787 0.323787 0.323787 0.323787 0.313092 0.323787 0.323787 0.323787 0.321205 0.332702 0.291352 0.323787 0.323787 0.327907 0.321205 0.323787 0.367725 0.373716 0.373716 0.323787 0.323787 0.323787 0.323787 0.323787 0.323787 0.323787 0.323787 0.323787 0.304489 0.323787 0.323787 0.323787 0.323787 0.323787 0.323787 0.323787 0.323787 0.323787 0.357065 0.30295 0.362905 0.311213 0.352353 0.35364 0.352399 0.332134 0.356675 0.358212 0.247115 0.328501 0.327907 0.321205 0.326331 0.45076 0.3395 0.393489 0.40016 0.291352 0.347401 0.342945 0.332702 0.326331 0.338602 0.332134 0.322501 0.328501 0.338602 0.347401 0.338602 0.338602 0.342945 0.328501 0.330499 0.355034 0.389465 0.347401 0.329501 0.40016 0.292438 0.23492 0.212561 0.224453 0.215111 0.212561 0.101192 0.036602 0.259109 0.266629 0.268899 0.245122 0.245122 0.255933 0.26992 0.266629 0.24818 0.26992 0.245122 Inf001 Linf1 #0000CD
0.001158 0.001158 0.00117 0.001158 0.00117 0.001158 0.001158 0.001158 0.001158 0.001158 0.001183 0.001158 0.001158 0.001158 0.00117 0.001158 0.001158 0.00117 0.001158 0.001158 0.004773 0.003787 0.001158 0.004673 0.003868 0.001195 0.001195 0 0.012045 0.001158 0.001158 0.011916 0.001249 0.001158 0.009088 0.00117 0.001158 0.001158 0.001158 0.001183 0.001158 0.00117 0.00117 0.00117 0.00117 0.00117 0.001158 0.318306 0.30781 0.318306 0.318306 0.318306 0.30781 0.318306 0.318306 0.318306 0.318306 0.318306 0.30781 0.318306 0.318306 0.318306 0.315611 0.326938 0.286482 0.318306 0.318306 0.322268 0.315611 0.318306 0.360958 0.366941 0.366941 0.318306 0.318306 0.318306 0.318306 0.318306 0.318306 0.318306 0.318306 0.318306 0.294755 0.318306 0.318306 0.318306 0.318306 0.318306 0.318306 0.318306 0.322268 0.318306 0.350561 0.297629 0.356334 0.309686 0.346107 0.347434 0.346082 0.326331 0.350121 0.351827 0.233548 0.322898 0.322268 0.304774 0.32479 0.475731 0.333397 0.37897 0.408367 0.30094 0.356334 0.351827 0.341717 0.33531 0.347434 0.34122 0.331647 0.337461 0.347434 0.356334 0.347434 0.347434 0.351827 0.337461 0.339532 0.36439 0.397871 0.356334 0.338977 0.387264 0.281114 0.231431 0.209602 0.22123 0.212065 0.209602 0.100582 0.034604 0.255042 0.262478 0.264693 0.241375 0.241375 0.251982 0.265649 0.262478 0.244322 0.265649 0.241375 LRC_L47 Linf1 #0000CD
0.010695 0.010695 0.010811 0.010695 0.010811 0.010695 0.010695 0.010695 0.010695 0.010695 0.010929 0.010695 0.010695 0.010695 0.010695 0.010695 0.010695 0.010695 0.010695 0.010695 0.007299 0.013419 0.010695 0.014363 0.013565 0.010929 0.01105 0.012045 0 0.010695 0.010695 0 0.011429 0.010695 0.008043 0.010811 0.010695 0.010695 0.010695 0.010811 0.010695 0.010811 0.010811 0.010695 0.010695 0.010811 0.010811 0.338602 0.327907 0.338602 0.338602 0.338602 0.327907 0.338602 0.338602 0.338602 0.338602 0.338602 0.327907 0.338602 0.338602 0.338602 0.336472 0.343426 0.306167 0.338602 0.338602 0.338602 0.336472 0.338602 0.383725 0.389465 0.389465 0.338602 0.338602 0.338602 0.338602 0.338602 0.338602 0.338602 0.338602 0.338602 0.313658 0.338602 0.338602 0.338602 0.338602 0.338602 0.338602 0.338602 0.342945 0.338602 0.363239 0.318454 0.373716 0.338774 0.36307 0.368908 0.363239 0.347401 0.383725 0.373716 0.267393 0.343426 0.342945 0.325422 0.345613 0.468052 0.353703 0.405465 0.432421 0.321205 0.378654 0.373716 0.363239 0.356334 0.368908 0.362905 0.352807 0.358578 0.368908 0.378654 0.368908 0.368908 0.373716 0.358578 0.360958 0.382992 0.421726 0.378654 0.361249 0.410915 0.314974 0.248713 0.225807 0.237966 0.228534 0.225807 0.11404 0.046106 0.273293 0.280615 0.282951 0.259109 0.259109 0.26992 0.280615 0.280615 0.262364 0.284104 0.259109 RM1 Linf1 #0000CD
0 0 0 0 0 0 0 0 0 0 0 0 0 0 0 0 0 0 0 0 0.003515 0.002584 0 0.003442 0.002639 0 0 0.001158 0.010695 0 0 0.010582 0 0 0.007792 0 0 0 0 0 0 0 0 0 0 0 0 0.326216 0.315853 0.326216 0.326216 0.326216 0.315853 0.326216 0.326216 0.326216 0.326216 0.326216 0.315853 0.326216 0.326216 0.326216 0.323787 0.334903 0.2948 0.326216 0.326216 0.330242 0.323787 0.326216 0.368908 0.374693 0.374693 0.326216 0.326216 0.326216 0.326216 0.326216 0.326216 0.326216 0.326216 0.326216 0.304489 0.326216 0.326216 0.326216 0.326216 0.326216 0.326216 0.326216 0.330242 0.326216 0.358578 0.306167 0.364222 0.318454 0.353974 0.355203 0.354036 0.334369 0.358212 0.359656 0.243607 0.3308 0.330242 0.313092 0.332764 0.483003 0.348945 0.387766 0.415828 0.309188 0.364222 0.359656 0.34961 0.343151 0.355203 0.349184 0.339605 0.345293 0.355203 0.364222 0.355203 0.355203 0.359656 0.345293 0.347434 0.372675 0.405465 0.364222 0.347165 0.394994 0.299822 0.239867 0.218002 0.229628 0.220543 0.218002 0.103301 0.035729 0.263417 0.270646 0.272864 0.249812 0.249812 0.260283 0.273889 0.270646 0.252835 0.273889 0.249812 LEM1985 Linf1 #0000CD
0 0 0 0 0 0 0 0 0 0 0 0 0 0 0 0 0 0 0 0 0.003515 0.002584 0 0.003442 0.002639 0 0 0.001158 0.010695 0 0 0.010582 0 0 0.007792 0 0 0 0 0 0 0 0 0 0 0 0 0.326216 0.315853 0.326216 0.326216 0.326216 0.315853 0.326216 0.326216 0.326216 0.326216 0.326216 0.315853 0.326216 0.326216 0.326216 0.323787 0.334903 0.2948 0.326216 0.326216 0.330242 0.323787 0.326216 0.368908 0.374693 0.374693 0.326216 0.326216 0.326216 0.326216 0.326216 0.326216 0.326216 0.326216 0.326216 0.304489 0.326216 0.326216 0.326216 0.326216 0.326216 0.326216 0.326216 0.330242 0.326216 0.358578 0.306167 0.364222 0.318454 0.353974 0.355203 0.354036 0.334369 0.358212 0.359656 0.243607 0.3308 0.330242 0.313092 0.332764 0.483003 0.348945 0.387766 0.415828 0.309188 0.364222 0.359656 0.34961 0.343151 0.355203 0.349184 0.339605 0.345293 0.355203 0.364222 0.355203 0.355203 0.359656 0.345293 0.347434 0.372675 0.405465 0.364222 0.347165 0.394994 0.299822 0.239867 0.218002 0.229628 0.220543 0.218002 0.103301 0.035729 0.263417 0.270646 0.272864 0.249812 0.249812 0.260283 0.273889 0.270646 0.252835 0.273889 0.249812 LPN114 Linf1 #0000CD
0.010582 0.010582 0.010695 0.010582 0.010695 0.010582 0.010582 0.010582 0.010582 0.010582 0.010811 0.010582 0.010582 0.010582 0.010582 0.010582 0.010582 0.010582 0.010582 0.010582 0.00722 0.013277 0.010582 0.01421 0.013419 0.010811 0.010929 0.011916 0 0.010582 0.010582 0 0.0113 0.010582 0.007958 0.010695 0.010582 0.010582 0.010582 0.010695 0.010582 0.010695 0.010695 0.010582 0.010582 0.010695 0.010695 0.334369 0.323787 0.334369 0.334369 0.334369 0.323787 0.334369 0.334369 0.334369 0.334369 0.334369 0.323787 0.334369 0.334369 0.334369 0.332134 0.339111 0.302281 0.334369 0.334369 0.334369 0.332134 0.334369 0.378654 0.384412 0.384412 0.334369 0.334369 0.334369 0.334369 0.334369 0.334369 0.334369 0.334369 0.334369 0.309005 0.334369 0.334369 0.334369 0.334369 0.334369 0.334369 0.334369 0.338602 0.334369 0.363239 0.314249 0.368908 0.338774 0.36307 0.364222 0.363239 0.342945 0.378654 0.368908 0.263509 0.339111 0.338602 0.321205 0.34122 0.478915 0.353703 0.399386 0.426743 0.317096 0.373716 0.368908 0.358578 0.351827 0.364222 0.358212 0.348292 0.354036 0.364222 0.373716 0.364222 0.364222 0.368908 0.354036 0.356334 0.382992 0.41616 0.373716 0.356428 0.405465 0.314974 0.245692 0.223144 0.23512 0.225807 0.223144 0.112677 0.046106 0.26992 0.277211 0.279506 0.255933 0.255933 0.266629 0.277211 0.277211 0.259109 0.280615 0.255933 LEM3278 Linf1 #0000CD
0 0 0 0 0 0 0 0 0 0 0 0 0 0 0 0 0 0 0 0 0.003752 0.002786 0 0.00371 0.002817 0 0 0.001249 0.011429 0 0 0.0113 0 0 0.008404 0 0 0 0 0 0 0 0 0 0 0 0 0.310155 0.310155 0.310155 0.310155 0.310155 0.298982 0.310155 0.310155 0.310155 0.310155 0.310155 0.298982 0.310155 0.310155 0.310155 0.307025 0.319154 0.276253 0.310155 0.310155 0.314249 0.307025 0.310155 0.355034 0.361502 0.361502 0.310155 0.310155 0.310155 0.310155 0.310155 0.310155 0.310155 0.310155 0.310155 0.296266 0.310155 0.310155 0.310155 0.310155 0.310155 0.310155 0.310155 0.314249 0.310155 0.343989 0.287682 0.350202 0.329182 0.33943 0.340927 0.339321 0.334202 0.371564 0.361502 0.258276 0.330359 0.329753 0.322773 0.328089 0.458885 0.328023 0.381368 0.388936 0.291521 0.350202 0.345502 0.33478 0.328089 0.340927 0.334202 0.324104 0.330359 0.340927 0.350202 0.340927 0.340927 0.345502 0.330359 0.332472 0.348307 0.377763 0.350202 0.326942 0.388936 0.283768 0.225644 0.20935 0.217557 0.21197 0.20935 0.094145 0.035158 0.24323 0.251314 0.253612 0.228842 0.240141 0.240141 0.25453 0.251314 0.231802 0.25453 0.228842 Inf045 Linf1 #0000CD
0 0 0 0 0 0 0 0 0 0 0 0 0 0 0 0 0 0 0 0 0.003515 0.002584 0 0.003442 0.002639 0 0 0.001158 0.010695 0 0 0.010582 0 0 0.007792 0 0 0 0 0 0 0 0 0 0 0 0 0.326216 0.315853 0.326216 0.326216 0.326216 0.315853 0.326216 0.326216 0.326216 0.326216 0.326216 0.315853 0.326216 0.326216 0.326216 0.323787 0.334903 0.2948 0.326216 0.326216 0.330242 0.323787 0.326216 0.368908 0.374693 0.374693 0.326216 0.326216 0.326216 0.326216 0.326216 0.326216 0.326216 0.326216 0.326216 0.304489 0.326216 0.326216 0.326216 0.326216 0.326216 0.326216 0.326216 0.330242 0.326216 0.358578 0.306167 0.364222 0.318454 0.353974 0.355203 0.354036 0.334369 0.358212 0.359656 0.243607 0.3308 0.330242 0.313092 0.332764 0.483003 0.348945 0.387766 0.415828 0.309188 0.364222 0.359656 0.34961 0.343151 0.355203 0.349184 0.339605 0.345293 0.355203 0.364222 0.355203 0.355203 0.359656 0.345293 0.347434 0.372675 0.405465 0.364222 0.347165 0.394994 0.299822 0.239867 0.218002 0.229628 0.220543 0.218002 0.103301 0.035729 0.263417 0.270646 0.272864 0.249812 0.249812 0.260283 0.273889 0.270646 0.252835 0.273889 0.249812 Inf004 Linf1 #0000CD
