Peking 0 0.00138965637065637 0.0025843861003861 0.00183749806949807 7.47104247104247e-05 0.00258280694980695 0.000550528957528957 0.340570776061776 0.336696517374517 0.340419803088803 0.34065727027027 0.340686513513514 0.340091926640927 0.339235223938224 0.341389158301158 0.340858934362934 0.340192640926641 0.337404030888031 0.32138828957529 0.334699196911197 0.341787150579151 0.342050656370656 0.336775992277992 0.342980795366795 0.337325571428571 0.308529142857143 0.341895613899614 0.340668420849421 0.295526555984556 0.343881347490347 0.342617895752896 0.325103243243243 0.339183540540541 0.344627957528958 0.344920687258687 0.344262343629344 0.340873243243243 0.340359111969112 0.343864397683398 0.343782277992278 0.33408272972973 0.34078871042471 0.34198405019305 0.341606146718147 0.338710494208494 0.341462814671815 0.340530671814672 0.340033691119691 0.339721922779923 0.341317918918919 0.33057371042471 0.341289745173745 0.341549996138996 0.340730274131274 0.341171366795367 0.339859366795367 0.341853301158301 0.341031934362934 0.0216365250965251 0.0218102702702703 0.339067521235521 0.354048196911197 0.344630084942085 0.299474162162162 0.0287853204633205 0.0190920926640927 0.339754254826255 0.0281463474903475 0.0281255057915058 0.0281938455598456 0.0279790308880309 0.0260254015444015 0.0280921776061776 0.0215088918918919 0.0278078803088803 0.0281751003861004 0.0462288725868726 0.0259206911196911 0.131759084942085 0.12314194980695 0.140240223938224 0.119822903474903 0.121082030888031 0.117537235521236 0.11845577992278 0.118663895752896 0.117833791505791 0.118432776061776 0.119843992277992 0.282879386100386 0.289193942084942 0.306807274131274 0.303835814671815 0.334601814671815 0.30288016988417 0.303614548262548 0.299723652509653 0.334267378378378 0.313079262548263 0.334448463320463 0.331567915057915 0.331441934362934 0.330477030888031 0.300223285714286 0.291700084942085 0.2911108996139 0.30556111969112 0.303833826254826 0.294663521235521 0.303956266409266 0.298053706563707 0.297805351351351 0.295805698841699 0.307816714285714 0.293584274131274 0.294339598455598 0.298617003861004 0.0216148378378378 0.0261202548262548 0.120634602316602 0.171569193050193 0.115359370656371 0.172822621621622 0.172097158301158 0.0263793861003861 0.0253143861003861 0.029936416988417 0.0270287413127413 0.024590138996139 0.292720332046332 0.338360818532819 0.0439453706563706 0.0271259034749035 0.0261875444015444 0.0263302972972973 0.0243159382239382 0.0558503359073359 0.0540706486486486 0.0407446216216216 0.02573338996139 0.0257274401544402 0.0261930888030888 0.0263365250965251 0.0280820617760618 0.0267017027027027 0.0466540888030888 0.026242528957529 0.0259165057915058 0.0449782046332046 0.0247676718146718 0.0262858030888031
D_2 0.00138965637065637 0 0.00119072972972973 0.000446525096525097 0.00141355984555985 0.00119015057915058 0.00154230888030888 0.341337861003861 0.337473548262548 0.34118972972973 0.341426038610039 0.341456702702703 0.340862115830116 0.340005888030888 0.342157084942085 0.341626598455599 0.340962988416988 0.338239293436293 0.322176478764479 0.335473756756757 0.34255533976834 0.342818583011583 0.337566277992278 0.343608768339768 0.337955019305019 0.309185536679537 0.34266211969112 0.341438030888031 0.296373239382239 0.344509583011583 0.343388714285714 0.325620953667954 0.339779756756757 0.345195223938224 0.345694818532819 0.344679104247104 0.341640328185328 0.341220575289575 0.344650845559846 0.344567042471042 0.335074590733591 0.341556637065637 0.342749976833977 0.342372652509652 0.339542548262548 0.3422298996139 0.341298335907336 0.340805038610039 0.340495216216216 0.342086003861004 0.33149511969112 0.342060196911197 0.342320447876448 0.341497938223938 0.341937872586873 0.340630135135135 0.342620386100386 0.341798861003861 0.0218530694980695 0.0220256563706564 0.339993498069498 0.355057285714286 0.345653961389961 0.300284787644788 0.0289818030888031 0.0193112664092664 0.340690208494209 0.0283496756756757 0.0283281505791506 0.0283959111969112 0.0281820965250965 0.0262285212355212 0.0282948223938224 0.0217278030888031 0.0280117876447876 0.0283777451737452 0.0466707142857143 0.0261160617760618 0.132939007722008 0.124067888030888 0.141436204633205 0.120737683397683 0.122027501930502 0.118484552123552 0.1194221003861 0.119611158301158 0.118615555984556 0.119333285714286 0.120822216216216 0.283603127413127 0.29026111969112 0.307605362934363 0.304702181467181 0.335606776061776 0.303743328185328 0.304480335907336 0.300735285714286 0.335267972972973 0.314149741312741 0.335441007722008 0.332556567567568 0.332439162162162 0.331479996138996 0.301026104247104 0.292714081081081 0.292124115830116 0.306610181467181 0.304684826254826 0.295682841698842 0.304807687258687 0.298915814671815 0.298816563706564 0.296819281853282 0.30871727027027 0.294454382239382 0.295066826254826 0.29957783011583 0.0218285366795367 0.0263244787644788 0.121501042471042 0.172575772200772 0.11629038996139 0.173831146718147 0.173103158301158 0.0265832934362934 0.0255175057915058 0.0301414749034749 0.027236277992278 0.0247964671814672 0.293374019305019 0.3390461003861 0.0441303745173745 0.0273285482625483 0.0263910849420849 0.0265329961389961 0.0243755328185328 0.0558451274131274 0.0540632355212355 0.0409208841698842 0.025930138996139 0.0259305598455598 0.0263961544401544 0.0265470154440154 0.0284315984555985 0.0268958687258687 0.0469637683397683 0.0264459111969112 0.0261194671814672 0.0451739459459459 0.0251218764478764 0.026489027027027
STRAIN_B 0.0025843861003861 0.00119072972972973 0 0.000744204633204633 0.00260671042471042 0 0.00273530115830116 0.342639656370656 0.338772922779923 0.342490208494208 0.342727254826255 0.342758918918919 0.34216349034749 0.341305945945946 0.343459301158301 0.342928235521236 0.342263046332046 0.339538405405405 0.323472752895753 0.336771552123552 0.343856976833977 0.344119482625483 0.338814583011583 0.34471144015444 0.339267872586873 0.31048966023166 0.343963756756757 0.342740405405405 0.297903737451737 0.345612254826255 0.344633594594595 0.326955138996139 0.341048335907336 0.346293683397683 0.346798648648649 0.345778142857143 0.342941965250965 0.342251822393822 0.345739108108108 0.345655146718147 0.336725405405405 0.342857274131274 0.344052034749035 0.34367428957529 0.340843343629344 0.343531378378378 0.342599393822394 0.342105675675676 0.341796011583012 0.343386482625483 0.332912459459459 0.343361413127413 0.343622664092664 0.342798416988417 0.34323893050193 0.34193193050193 0.343920864864865 0.343101814671815 0.0230827027027027 0.023257027027027 0.341177725868726 0.355740386100386 0.346375621621622 0.301611042471042 0.0302560810810811 0.0205377915057915 0.342013567567568 0.0295909961389961 0.0295735791505792 0.0296413397683398 0.0294283667953668 0.0274673706563707 0.0295406718146718 0.0229554864864865 0.0292572162162162 0.0296235945945946 0.0479900347490347 0.0274357722007722 0.134233347490347 0.125367544401544 0.142719382239382 0.122014386100386 0.123312575289575 0.119742142857143 0.12070311969112 0.120889861003861 0.11986650965251 0.120631416988417 0.122100656370656 0.28497488030888 0.29137883011583 0.308872019305019 0.306058162162162 0.337330297297297 0.305066166023166 0.305768667953668 0.301914332046332 0.336984915057915 0.315870826254826 0.337151162162162 0.334255301158301 0.33397383011583 0.333190621621622 0.302270667953668 0.293745675675676 0.293359081081081 0.30762750965251 0.305970231660232 0.296912907335907 0.306209498069498 0.300302988416988 0.300058108108108 0.297991332046332 0.309682262548263 0.295847926640927 0.296424725868726 0.300807478764479 0.0230774903474903 0.0275674864864865 0.122966247104247 0.174293359073359 0.117796675675676 0.175551521235521 0.174766725868726 0.0278303011583012 0.0267545135135135 0.0314136409266409 0.0285079227799228 0.0260440540540541 0.294821158301158 0.340349108108108 0.0454074903474904 0.0285716602316602 0.0276309343629344 0.0277731081081081 0.0256111698841699 0.0572526409266409 0.0554054247104247 0.042217111969112 0.0271749382239382 0.0271689884169884 0.0273287374517374 0.0277862857142857 0.0297453127413127 0.0281616718146718 0.0483800733590734 0.0275297065637066 0.0273590540540541 0.0464539575289575 0.0263650424710425 0.0277308764478764
STRAIN_A 0.00183749806949807 0.000446525096525097 0.000744204633204633 0 0.00186124324324324 0.000744204633204633 0.00198999227799228 0.341528258687259 0.337660366795367 0.341378548262548 0.341615436293436 0.3416461003861 0.341051513513513 0.340194548262548 0.342346482625483 0.341816416988417 0.341151806949807 0.33842727027027 0.322360980694981 0.335660258687259 0.342745316602317 0.343007980694981 0.337753204633205 0.343799115830116 0.338144629343629 0.309462494208494 0.342852517374517 0.341627586872587 0.296750135135135 0.34469950965251 0.343579586872587 0.326022332046332 0.340031501930502 0.345383992277992 0.345887324324324 0.345018115830116 0.341830146718147 0.341403501930502 0.344833980694981 0.344750598455598 0.335680976833977 0.341746034749035 0.342940374517375 0.34256305019305 0.339731787644788 0.342419718146718 0.341488154440155 0.340993857142857 0.340683193050193 0.342274822393822 0.331532374517374 0.342249173745174 0.342510003861004 0.341687177606178 0.342127691119691 0.340819532818533 0.342810204633205 0.341988837837838 0.0218675482625483 0.0220401351351351 0.340036845559846 0.355460343629344 0.345989312741313 0.300990911196911 0.0290026525096525 0.0193253243243243 0.341454814671815 0.0283629961389961 0.0283478416988417 0.0284161814671815 0.0282017876447876 0.0262482123552124 0.0283145135135135 0.0217414401544402 0.0280302162162162 0.0283974362934363 0.04662638996139 0.0261432818532819 0.133347926640927 0.124340285714286 0.141855706563707 0.120990652509653 0.122443528957529 0.11876432046332 0.119675965250965 0.119864285714286 0.118851362934363 0.119604945945946 0.121075764478764 0.284302548262548 0.290659590733591 0.30822933976834 0.30541166023166 0.336155088803089 0.304452911196911 0.305192552123552 0.301295868725869 0.335873413127413 0.314768988416988 0.335988474903475 0.333101926640927 0.33304833976834 0.331963073359073 0.301800606177606 0.29321616988417 0.292682486486486 0.307154444015444 0.305406254826255 0.296233579150579 0.305529694980695 0.299624501930502 0.299332552123552 0.297379127413127 0.309196034749035 0.29511994980695 0.295720548262548 0.300193432432432 0.0218435945945946 0.0263435907335907 0.121390621621622 0.172478150579151 0.116165969111969 0.173733683397683 0.173006536679537 0.0266029845559846 0.0255366177606178 0.0301620617760618 0.0272565482625483 0.024815 0.294293335907336 0.339235235521236 0.044159332046332 0.0273488185328185 0.0264107760617761 0.0265529498069498 0.0243934864864865 0.0558850888030888 0.0541147799227799 0.0409573706563707 0.0259562007722008 0.025950250965251 0.0264158455598456 0.0265597567567568 0.0284480772200772 0.0269230888030888 0.0473473088803089 0.0264656023166023 0.0261391583011583 0.0452021158301158 0.0251404092664093 0.0265023474903475
RACOON_DOG 7.47104247104247e-05 0.00141355984555985 0.00260671042471042 0.00186124324324324 0 0.00260571042471043 0.000574853281853282 0.341278355212355 0.337409359073359 0.341128223938224 0.341365111969112 0.341394934362934 0.340800768339768 0.339944223938224 0.342096158301158 0.341566513513514 0.340901061776062 0.338177525096525 0.322117393822394 0.335412355212355 0.342493992277992 0.342757077220077 0.337496938223938 0.343544532818533 0.337892571428571 0.309123351351351 0.342602034749035 0.341376841698842 0.296339984555985 0.344444347490348 0.343327316602317 0.325604915057915 0.339982822393822 0.345127409266409 0.345632845559846 0.344612131274131 0.341580664092664 0.341140764478764 0.344574976833977 0.344491857142857 0.334799957528958 0.341495972972973 0.342689891891892 0.342312567567568 0.339482463320463 0.342169235521235 0.341238250965251 0.340742691119691 0.340432185328185 0.342024918918919 0.331416416988417 0.341997586872587 0.342257837837838 0.341437694980695 0.341878208494208 0.340568366795367 0.342559722007722 0.341738934362934 0.0216402123552124 0.0218133783783784 0.339720447876448 0.354483362934363 0.345140745173745 0.300159706563707 0.0287808996138996 0.0190978841698842 0.340393644787645 0.0281425057915058 0.0281216640926641 0.0281894247104247 0.0279751891891892 0.0260234015444015 0.0280887567567568 0.0215138416988417 0.0278040386100386 0.0281712586872587 0.0464394633204633 0.0258816254826255 0.132668907335907 0.12363849034749 0.141019231660232 0.120461158301158 0.121752189189189 0.118055783783784 0.118993544401544 0.119183285714286 0.118509108108108 0.118906413127413 0.12054627027027 0.283214297297297 0.289715154440154 0.307559861003861 0.30415316988417 0.335323359073359 0.303197945945946 0.303932903474903 0.300193849420849 0.334986764478764 0.313909629343629 0.335164691119691 0.332283826254826 0.332164162162162 0.331198575289575 0.300543903474904 0.292313362934363 0.291589254826255 0.306233362934363 0.304150548262548 0.295137772200772 0.304273409266409 0.298374903474903 0.29827738996139 0.296280791505792 0.308395791505791 0.294061926640927 0.294668849420849 0.299248555984556 0.0216179459459459 0.0261182548262548 0.121258980694981 0.17249511969112 0.116068841698842 0.17371893050193 0.173022505791506 0.026376806949807 0.025312806949807 0.0299311003861004 0.027033111969112 0.024589138996139 0.292895444015444 0.338984227799228 0.043926 0.0271227451737452 0.0261855444015444 0.0263277181467182 0.0243156756756757 0.0557676293436293 0.0540262162162162 0.0407191428571429 0.0257254401544402 0.025725861003861 0.0261910888030888 0.0263410540540541 0.028077166023166 0.0266985444015444 0.0467047104247104 0.026240528957529 0.0259139266409266 0.0449704671814672 0.0247666718146718 0.0262836447876448
SKIN 0.00258280694980695 0.00119015057915058 0 0.000744204633204633 0.00260571042471043 0 0.00273488030888031 0.342600992277992 0.338737258687259 0.342452123552124 0.342688590733591 0.342720833976834 0.342125826254826 0.341268281853282 0.343420637065637 0.342889571428571 0.342225382239382 0.339443926640927 0.32344493050193 0.336736625482626 0.343818312741313 0.344080818532819 0.338842254826255 0.344886166023166 0.339231312741313 0.310409868725869 0.343925092664093 0.342702741312741 0.298007266409266 0.345786401544402 0.344657741312741 0.326990861003861 0.341297583011583 0.34646783011583 0.346971795366795 0.346102691119691 0.342903301158301 0.342494602316602 0.345915027027027 0.345830065637066 0.336542393822394 0.34281861003861 0.34401294980695 0.343635625482625 0.340806258687259 0.343492293436293 0.342561308880309 0.342068011583012 0.341758768339768 0.343348397683398 0.332877362934363 0.34332316988417 0.343584420849421 0.342759752895753 0.343200266409266 0.341894266409266 0.343882200772201 0.343062992277992 0.0229124864864865 0.0230862316602317 0.34128683011583 0.356127922779923 0.346725231660232 0.301678084942085 0.0300713861003861 0.0203772625482625 0.341763081081081 0.0294183590733591 0.0293956756756757 0.0294634362934363 0.0292506216216216 0.0272910463320463 0.0293633474903475 0.0227909034749035 0.0290798918918919 0.0294456911196911 0.047794444015444 0.0272455482625483 0.134320567567568 0.125415540540541 0.142822976833977 0.122065015444015 0.123427015444015 0.119840683397683 0.120754011583012 0.120941332046332 0.119954413127413 0.120682308880309 0.122150285714286 0.284784177606178 0.291246204633205 0.308867521235521 0.305892915057915 0.337086945945946 0.304932482625483 0.305673965250965 0.301775915057915 0.336742563706564 0.315750362934363 0.336909231660232 0.33401594980695 0.33391244015444 0.332951586872587 0.302280335907336 0.293763555984556 0.29316322007722 0.307627698841699 0.305880984555985 0.29671667953668 0.306003845559846 0.300103706563707 0.299954845559846 0.297860806949807 0.309733154440154 0.295650382239382 0.296360416988417 0.300674795366795 0.0229036409266409 0.0273910038610039 0.122712015444015 0.173974138996139 0.117548027027027 0.175231459459459 0.174501945945946 0.0276528185328185 0.0265791891891892 0.0312311042471042 0.0283253861003861 0.0258671505791506 0.294625772200772 0.340311706563707 0.0452157413127413 0.0283939150579151 0.02745461003861 0.0275959420849421 0.025437583011583 0.0570410965250965 0.0551926177606178 0.0420252046332046 0.0269991930501931 0.0269930849420849 0.0270020115830116 0.0276105405405405 0.0295588262548263 0.0279812934362934 0.0483050849420849 0.0275095945945946 0.0271823088803089 0.0462608918918919 0.026189138996139 0.027537138996139
DOG_STRAIN 0.000550528957528957 0.00154230888030888 0.00273530115830116 0.00198999227799228 0.000574853281853282 0.00273488030888031 0 0.341366675675676 0.337497258687259 0.341216544401544 0.341453011583012 0.341484254826255 0.340889247104247 0.339974046332046 0.342185057915058 0.341654833976834 0.340989382239382 0.338264583011583 0.322350664092664 0.335499413127413 0.342582891891892 0.342845976833977 0.337586521235521 0.343635378378378 0.337981312741313 0.309299602316602 0.342690934362934 0.341465162162162 0.296530501930502 0.344535772200772 0.34335393050193 0.325947243243243 0.340011223938224 0.345218675675676 0.345723849420849 0.344703397683398 0.341668563706564 0.341232714285714 0.344666505791506 0.344583544401544 0.335094177606178 0.341584451737452 0.342778791505792 0.342401467181467 0.339570362934363 0.342258135135135 0.341326571428571 0.340831011583012 0.340669907335907 0.342113239382239 0.331521579150579 0.342086328185328 0.342347158301158 0.341525594594595 0.341966108108108 0.340656687258687 0.342648621621622 0.341827833976834 0.0217729613899614 0.0219461274131274 0.339819768339768 0.354860965250965 0.345452378378378 0.300694355212355 0.028914332046332 0.0192306332046332 0.340855173745174 0.0282762548262548 0.0282549922779923 0.028323332046332 0.0281089382239382 0.0261554671814672 0.0282226640926641 0.0216474324324324 0.0279377876447876 0.0283045868725869 0.0465945173745174 0.0260585984555985 0.132880992277992 0.124000764478764 0.141361393822394 0.120670505791506 0.121980648648649 0.118415795366795 0.119354397683398 0.119543718146718 0.118680722007722 0.119266424710425 0.120756038610039 0.28394977992278 0.290411598455598 0.307947837837838 0.305055154440154 0.335563868725869 0.304096826254826 0.304836046332046 0.300940783783784 0.335284772200772 0.314215683397683 0.335460332046332 0.332575942084942 0.332397992277992 0.33149432046332 0.301443942084942 0.292924003861004 0.292328822393822 0.30679083011583 0.305001625482625 0.295880231660232 0.305172135135135 0.299269837837838 0.299023640926641 0.297024884169884 0.308894181467181 0.294810038610039 0.295423644787645 0.299837189189189 0.0217513783783784 0.0262503204633205 0.121636918918919 0.172883428571429 0.116389555984556 0.174137803088803 0.173384015444015 0.0265102934362934 0.0254444517374517 0.0300686370656371 0.0271657027027027 0.0247224671814672 0.293789324324324 0.339072127413127 0.0440652741312741 0.0272558108108108 0.0263177683397683 0.0264603629343629 0.0244545328185328 0.0559568648648649 0.0541800733590733 0.0408276486486487 0.0258634555984556 0.0258575057915058 0.0263235752895753 0.0264735405405405 0.0282010694980695 0.0268318725868726 0.0468280540540541 0.0262173822393822 0.0260465714285714 0.0449557104247104 0.0248987374517375 0.0264157104247104
IECDR1 0.340570776061776 0.341337861003861 0.342639656370656 0.341528258687259 0.341278355212355 0.342600992277992 0.341366675675676 0 6.62586872586873e-05 3.3011583011583e-05 6.62586872586873e-05 6.62586872586873e-05 6.7034749034749e-05 0.000103714285714286 7.06640926640927e-05 0.000136305019305019 6.62586872586873e-05 9.96525096525096e-05 0.0002413861003861 0.000462833976833977 4.94247104247104e-05 0.000364220077220077 0.000239687258687259 0.0953070810810811 0.00146696138996139 0.000204343629343629 0.000289779922779923 0.000253305019305019 0.0866722548262548 0.0950509922779923 0.000482254826254826 0.173939590733591 0.000304111969111969 0.0960230772200772 0.0985222586872587 0.0959580888030888 0.000252745173745174 0.0490618223938224 0.0505480849420849 0.0503203976833977 0.237837965250965 0.000140969111969112 9.11621621621622e-05 0.000140969111969112 0.000494625482625483 0.000198266409266409 0.000107339768339768 3.72625482625483e-05 6.62586872586873e-05 8.68803088803089e-05 0.000114799227799228 7.47181467181467e-05 6.62586872586873e-05 0.000140749034749035 5.40965250965251e-05 8.70694980694981e-05 0.000103324324324324 0.000402166023166023 0.341143235521235 0.341179142857143 0.000104872586872587 0.2077918996139 0.198217837837838 0.211870517374517 0.341204868725869 0.338552486486487 0.226820938223938 0.343035166023166 0.343478965250965 0.343490548262548 0.343094992277992 0.341840250965251 0.343324034749035 0.340368640926641 0.343505262548263 0.343728691119691 0.303837096525096 0.33012733976834 0.314534281853282 0.309509223938224 0.31576771042471 0.309419687258687 0.313009003861004 0.308372687258687 0.309139351351351 0.309327451737452 0.309941575289575 0.308505864864865 0.310479498069498 0.240595374517375 0.2407798996139 0.214815135135135 0.243682691119691 0.238348154440154 0.243361675675676 0.240905841698842 0.24058983011583 0.2373448996139 0.214533166023166 0.238039266409266 0.235438204633205 0.236500038610039 0.235795046332046 0.241400536679537 0.237152934362934 0.233751888030888 0.222239996138996 0.239757359073359 0.239699046332046 0.24006544015444 0.239855096525097 0.239784297297297 0.236456648648649 0.233200015444015 0.237064447876448 0.23716855984556 0.236736196911197 0.338716416988417 0.342187768339768 0.312051459459459 0.329060223938224 0.293723810810811 0.329647706563707 0.329465250965251 0.344722722007722 0.341078254826255 0.351064571428571 0.338029432432432 0.338370575289575 0.239567355212355 0.000237301158301158 0.343209945945946 0.341730548262548 0.342234498069498 0.342321231660232 0.341429694980695 0.340272718146718 0.335987752895753 0.331947934362934 0.341698231660232 0.341483370656371 0.34224505019305 0.342020335907336 0.345586791505792 0.341097343629344 0.231430633204633 0.342125343629344 0.341703733590734 0.342140343629344 0.339941528957529 0.341537934362934
BD09 0.336696517374517 0.337473548262548 0.338772922779923 0.337660366795367 0.337409359073359 0.338737258687259 0.337497258687259 6.62586872586873e-05 0 1.68339768339768e-05 0 0 2.61003861003861e-05 5.42509652509653e-05 5.42509652509653e-05 7.04671814671815e-05 4.98455598455598e-05 4.98069498069498e-05 0.000190540540540541 0.000414830115830116 0 0.000300486486486486 0.000207216216216216 0.0951630810810811 0.00137000386100386 0.000135243243243243 0.000224521235521236 0.00018830888030888 0.0861611814671815 0.0949201042471043 0.000451664092664093 0.173296687258687 0.000270640926640927 0.095856722007722 0.0984000424710425 0.0958354092664093 0.000187065637065637 0.0491549111969112 0.0507747567567568 0.050475888030888 0.237221513513514 7.47104247104247e-05 7.47104247104247e-05 0.000112355212355212 0.000464297297297297 0.000149420849420849 9.15444015444015e-05 3.76447876447876e-05 0 3.74555984555985e-05 4.11196911196911e-05 7.55212355212355e-05 0 7.53320463320463e-05 3.76447876447876e-05 3.76447876447876e-05 3.76447876447876e-05 0.000337644787644788 0.337286884169884 0.337320474903475 3.78764478764479e-05 0.207714590733591 0.198310142857143 0.211763888030888 0.337537015444015 0.335169722007722 0.226754451737452 0.339468335907336 0.340038181467181 0.340050922779923 0.339649420849421 0.338613316602317 0.339881567567568 0.336500451737452 0.340057849420849 0.340286486486486 0.301018150579151 0.326917061776062 0.31174433976834 0.307301158301158 0.313089988416988 0.306800073359073 0.310630799227799 0.305690308880309 0.306755722007722 0.307006478764479 0.307440942084942 0.305968517374517 0.30786088030888 0.239449613899614 0.239536316602317 0.214540671814672 0.242611135135135 0.238167046332046 0.242283598455598 0.23981933976834 0.239503274131274 0.23688150965251 0.213746764478764 0.237311111969112 0.234922108108108 0.235755413127413 0.235172764478764 0.240354158301158 0.23604722007722 0.23265532046332 0.221606154440154 0.238513513513514 0.238608015444015 0.239004401544402 0.238759915057915 0.238558930501931 0.235341725868726 0.232172104247104 0.235948359073359 0.236198258687259 0.235623061776062 0.334801505791506 0.338952463320463 0.309845471042471 0.327196772200772 0.291621691119691 0.327751030888031 0.327566733590734 0.341634258687259 0.33784627027027 0.347604374517375 0.3348611003861 0.33519283011583 0.238549138996139 0.000188455598455598 0.340382467181467 0.338494038610039 0.339006563706564 0.339093772200772 0.338136687258687 0.337194760617761 0.332964301158301 0.328847266409266 0.338468193050193 0.338253911196911 0.339151988416988 0.338793189189189 0.342322571428571 0.337606115830116 0.229490216216216 0.338894725868726 0.338470274131274 0.339102752895753 0.336692223938224 0.338302474903475
BD12 0.340419803088803 0.34118972972973 0.342490208494208 0.341378548262548 0.341128223938224 0.342452123552124 0.341216544401544 3.3011583011583e-05 1.68339768339768e-05 0 1.64131274131274e-05 1.64131274131274e-05 4.25135135135135e-05 7.06640926640927e-05 5.42509652509653e-05 8.68803088803089e-05 4.94247104247104e-05 4.98069498069498e-05 0.00018996138996139 0.000429822393822394 0 0.000314795366795367 0.000205637065637066 0.0951160694980695 0.00141722007722008 0.000152339768339768 0.000239776061776062 0.000203301158301158 0.086324722007722 0.094860138996139 0.000449243243243243 0.17362967953668 0.000269061776061776 0.0958346447876448 0.0983333513513514 0.0957842934362934 0.000202899613899614 0.0491902548262548 0.0507279575289575 0.0504998494208494 0.238014459459459 9.11235521235521e-05 9.11235521235521e-05 0.000128189189189189 0.000444621621621622 0.000165254826254826 7.47104247104247e-05 3.70656370656371e-05 1.68339768339768e-05 5.38687258687259e-05 5.92162162162162e-05 7.45212355212355e-05 1.64131274131274e-05 9.13243243243243e-05 5.34787644787645e-05 3.76447876447876e-05 5.34787644787645e-05 0.000352320463320463 0.340997945945946 0.341033274131274 5.42895752895753e-05 0.207845177606178 0.198225108108108 0.21184911969112 0.341320123552124 0.338559034749035 0.227085598455598 0.343310181467181 0.34375255984556 0.343764722007722 0.343368166023166 0.341906683397683 0.343597787644788 0.340223193050193 0.343780698841699 0.344002706563707 0.30396793050193 0.330170722007722 0.314384173745174 0.309407196911197 0.315619181467181 0.309268579150579 0.312909131274131 0.308220579150579 0.308987505791506 0.309176606177606 0.309734123552123 0.308353598455598 0.310327652509652 0.240530204633205 0.240643486486486 0.214828752895753 0.243696942084942 0.238570625482625 0.24337355984556 0.240919567567568 0.240603555984556 0.237564162162162 0.214790138996139 0.2382548996139 0.235649945945946 0.236754335907336 0.236014888030888 0.241456803088803 0.237168606177606 0.233755671814672 0.222250517374517 0.239620316602317 0.239712772200772 0.240069803088803 0.239867297297297 0.239861308880309 0.23646727027027 0.233215741312741 0.237076540540541 0.237180965250965 0.236747239382239 0.338564208494208 0.342404285714286 0.311792783783784 0.329303621621622 0.29361205019305 0.32985445945946 0.329672162162162 0.344999683397683 0.341351324324324 0.350702521235521 0.338054482625483 0.338577254826255 0.239582185328185 0.000187297297297297 0.343478332046332 0.342004301158301 0.342508671814672 0.342595405405405 0.341703027027027 0.340348895752896 0.335782177606178 0.332013455598456 0.341971563706564 0.341757702702703 0.342311324324324 0.34208661003861 0.345426216216216 0.34131205019305 0.231753733590734 0.342340598455598 0.341977065637066 0.342412254826255 0.340216123552124 0.34181294980695
BD14 0.34065727027027 0.341426038610039 0.342727254826255 0.341615436293436 0.341365111969112 0.342688590733591 0.341453011583012 6.62586872586873e-05 0 1.64131274131274e-05 0 0 2.61003861003861e-05 5.42509652509653e-05 5.42509652509653e-05 7.04671814671815e-05 4.94247104247104e-05 4.98069498069498e-05 0.00018996138996139 0.000413409266409266 0 0.000298382239382239 0.000205637065637066 0.094929305019305 0.00139996525096525 0.000134664092664093 0.000223362934362934 0.000186467181467181 0.0863394517374517 0.0946727953667954 0.000449243243243243 0.173176818532819 0.00022992277992278 0.0956325714285714 0.0981605791505791 0.0956122586872587 0.000186486486486486 0.0490311621621622 0.0505716061776062 0.050324138996139 0.238216015444015 7.47104247104247e-05 7.47104247104247e-05 0.000111776061776062 0.000461034749034749 0.000148841698841699 9.11235521235521e-05 3.70656370656371e-05 0 3.74555984555985e-05 4.11196911196911e-05 7.45212355212355e-05 0 7.44903474903475e-05 3.70656370656371e-05 3.76447876447876e-05 3.70656370656371e-05 0.000335907335907336 0.341233096525097 0.341269003861004 3.74555984555985e-05 0.207760235521235 0.198231544401544 0.21184138996139 0.340992621621622 0.339001633204633 0.226994193050193 0.343336733590734 0.343780374517375 0.343791957528958 0.34339555984556 0.342140081081081 0.343625023166023 0.340457239382239 0.343807250965251 0.3440301003861 0.303953177606178 0.329837227799228 0.31461322007722 0.309639980694981 0.315845911196911 0.309501783783784 0.313144864864865 0.308454942084942 0.309220922779923 0.309409706563707 0.310023463320463 0.308588277992278 0.310563436293436 0.240621694980695 0.240767501930502 0.214762328185328 0.243711115830116 0.239033868725869 0.243387996138996 0.240932741312741 0.240617150579151 0.238066752895753 0.214784760617761 0.23854822007722 0.236039884169884 0.237027405405405 0.236135799227799 0.241469872586873 0.237103397683398 0.233806617760618 0.22222371042471 0.239783154440154 0.239726945945946 0.240121115830116 0.239881312741313 0.239832362934363 0.236482602316602 0.233189250965251 0.237091926640927 0.23719488030888 0.236724536679537 0.338538177606178 0.342489598455598 0.312159003861004 0.329124884169884 0.293771926640927 0.32961916988417 0.329492845559846 0.345025972972973 0.341376401544402 0.351376084942085 0.338334003861004 0.338603281853282 0.239593833976834 0.000187297297297297 0.343506884169884 0.342029115830116 0.342534328185328 0.342620061776062 0.341728262548263 0.339447837837838 0.335657366795367 0.332032957528958 0.341996640926641 0.34178277992278 0.342546617760618 0.342320586872587 0.345913420849421 0.341035783783784 0.232190687258687 0.342425173745174 0.342003301158301 0.342380308880309 0.340242675675676 0.341837764478765
BD15 0.340686513513514 0.341456702702703 0.342758918918919 0.3416461003861 0.341394934362934 0.342720833976834 0.341484254826255 6.62586872586873e-05 0 1.64131274131274e-05 0 0 2.61003861003861e-05 5.42509652509653e-05 5.42509652509653e-05 7.04671814671815e-05 4.94247104247104e-05 4.98069498069498e-05 0.000190540540540541 0.000413409266409266 0 0.000298382239382239 0.000206216216216216 0.0949890308880309 0.00136332046332046 0.000134664092664093 0.000223942084942085 0.000187467181467181 0.0861651274131274 0.0947317722007722 0.000449243243243243 0.17356344015444 0.000269640926640927 0.0957229150579151 0.0982068262548262 0.095657833976834 0.000186486486486486 0.0488905482625483 0.0504916486486486 0.0502039845559846 0.238146918918919 7.47104247104247e-05 7.47104247104247e-05 0.000111776061776062 0.000462034749034749 0.000149420849420849 9.11235521235521e-05 3.70656370656371e-05 0 3.74555984555985e-05 4.11196911196911e-05 7.45212355212355e-05 0 7.44903474903475e-05 3.70656370656371e-05 3.76447876447876e-05 3.70656370656371e-05 0.000335907335907336 0.341264602316602 0.34130050965251 3.74555984555985e-05 0.207886637065637 0.198403640926641 0.212270656370656 0.341226725868726 0.33861388030888 0.227210687258687 0.343367922779923 0.343811301158301 0.343822884169884 0.343426065637066 0.341963424710425 0.343655528957529 0.340489007722008 0.34383844015444 0.344061447876448 0.303840694980695 0.330060115830116 0.314714911196911 0.309734988416988 0.316071698841699 0.309586471042471 0.313232656370656 0.308538891891892 0.309306976833977 0.309495918918919 0.310275602316602 0.308672911196911 0.310647544401544 0.240789803088803 0.240873061776062 0.215108749034749 0.243874648648649 0.239089111969112 0.243550424710425 0.241094694980695 0.240778525096525 0.237928722007722 0.214780034749035 0.238426918918919 0.236010664092664 0.236848393822394 0.236186011583012 0.24159494980695 0.237264980694981 0.234095084942085 0.222563096525097 0.239794444015444 0.239887162162162 0.240282227799228 0.240041424710425 0.239885772200772 0.236601362934363 0.233574776061776 0.237211633204633 0.237317795366795 0.236881332046332 0.338834359073359 0.342521629343629 0.312209328185328 0.329616918918919 0.293922567567568 0.330169019305019 0.329985459459459 0.345059266409266 0.341407065637066 0.35083338996139 0.33814671042471 0.338632416988417 0.239718015444015 0.000187876447876448 0.343536285714286 0.342061621621622 0.342565833976834 0.342653146718147 0.341760347490347 0.339969691119691 0.335935432432432 0.332197142857143 0.342028305019305 0.341814444015444 0.342368486486486 0.342144193050193 0.345703698841699 0.341215864864865 0.231769189189189 0.34239833976834 0.342034806949807 0.342469733590734 0.340272127413127 0.341870111969112
BD17 0.340091926640927 0.340862115830116 0.34216349034749 0.341051513513513 0.340800768339768 0.342125826254826 0.340889247104247 6.7034749034749e-05 2.61003861003861e-05 4.25135135135135e-05 2.61003861003861e-05 2.61003861003861e-05 0 8.03513513513514e-05 5.5027027027027e-05 9.61467181467181e-05 5.06216216216216e-05 7.59073359073359e-05 0.000217061776061776 0.000439088803088803 2.56795366795367e-05 0.000324482625482625 0.000167992277992278 0.0945399768339768 0.00135219691119691 0.000162185328185328 0.000249621621621622 0.000213567567567568 0.0858318918918919 0.0942836254826255 0.000475343629343629 0.172880393822394 0.000287316602316602 0.0952838764478765 0.0977846872586873 0.0952426332046332 0.000175100386100386 0.0488045405405405 0.050187583011583 0.0498980308880309 0.237704884169884 0.000100810810810811 6.27451737451737e-05 0.000137455598455598 0.000488135135135135 0.000175100386100386 0.000107957528957529 2.61003861003861e-05 2.61003861003861e-05 6.31351351351351e-05 6.96409266409266e-05 6.35559845559845e-05 2.61003861003861e-05 0.000100590733590734 2.56795366795367e-05 2.61003861003861e-05 6.27451737451737e-05 0.000324521235521236 0.340670015444015 0.340705343629344 6.41351351351351e-05 0.207549370656371 0.198070594594595 0.211634841698842 0.340692216216216 0.338282868725869 0.226780332046332 0.34298377992278 0.343429262548263 0.343440845559846 0.343043606177606 0.341787969111969 0.34327349034749 0.339892316602317 0.343454876447876 0.343678567567568 0.303786011583012 0.329981362934363 0.314386138996139 0.309461347490347 0.315563810810811 0.309323621621622 0.312849393822394 0.308099772200772 0.308931451737452 0.309121235521236 0.309733459459459 0.308289015444015 0.310331563706564 0.240418683397683 0.240561351351351 0.214561077220077 0.243663451737452 0.238450223938224 0.243339648648649 0.240882498069498 0.240567328185328 0.237444023166023 0.214743752895753 0.237984884169884 0.235607347490347 0.236520092664093 0.235741293436293 0.241387934362934 0.237127011583012 0.233749637065637 0.222265208494208 0.239539548262548 0.239675965250965 0.24007061003861 0.239829386100386 0.239625243243243 0.236427200772201 0.233169409266409 0.23703705019305 0.237055131274131 0.236707011583012 0.338021857142857 0.342136328185328 0.311679965250965 0.328990571428571 0.293583764478764 0.329511602316602 0.329384015444015 0.344674019305019 0.341023868725869 0.350871258687259 0.337972312741313 0.338312243243243 0.239500154440154 0.000213976833976834 0.343570521235521 0.341676741312741 0.342182216216216 0.342268528957529 0.341375308880309 0.339794096525097 0.335928760617761 0.332163200772201 0.341645108108108 0.341430247104247 0.342193505791506 0.341968316602317 0.345491359073359 0.340678513513514 0.231610150579151 0.34207322007722 0.341650768339768 0.342085328185328 0.339887405405405 0.341484810810811
BD21 0.339235223938224 0.340005888030888 0.341305945945946 0.340194548262548 0.339944223938224 0.341268281853282 0.339974046332046 0.000103714285714286 5.42509652509653e-05 7.06640926640927e-05 5.42509652509653e-05 5.42509652509653e-05 8.03513513513514e-05 0 0.000107501930501931 0.000124297297297297 0.000103675675675676 0.000104478764478764 0.000246054054054054 0.000467660231660232 3.74555984555985e-05 0.000352633204633205 0.000223084942084942 0.0944359652509652 0.00138076833976834 0.000191598455598456 0.00027719305019305 0.000241138996138996 0.085865138996139 0.0941651351351351 0.000486698841698842 0.173250355212355 0.000269640926640927 0.0951574362934363 0.0976410308880309 0.0950849189189189 0.000203092664092664 0.0491117413127413 0.0505415405405405 0.0502799691119691 0.23734405019305 0.000128382239382239 0.000128382239382239 0.000116220077220077 0.000440795366795367 0.000203092664092664 0.000144795366795367 9.13166023166023e-05 1.67953667953668e-05 9.12857142857143e-05 0.000100474903474903 5.38610038610039e-05 3.74555984555985e-05 5.42509652509653e-05 5.38610038610039e-05 5.42509652509653e-05 5.38610038610039e-05 0.000336297297297297 0.339814104247104 0.339848853281853 7.49111969111969e-05 0.207126359073359 0.197619868725869 0.211537806949807 0.33996355984556 0.337515648648649 0.22635572972973 0.342121760617761 0.342567401544402 0.342579563706564 0.342182166023166 0.340930741312741 0.342411629343629 0.339036247104247 0.342591857142857 0.342816706563707 0.303009845559846 0.328776471042471 0.313597988416988 0.308562359073359 0.314835312741313 0.308478127413127 0.31211705019305 0.307428548262548 0.308192528957529 0.308383471042471 0.309143783783784 0.307559725868726 0.309482444015444 0.239379424710425 0.239458478764479 0.214009254826255 0.242519563706564 0.238177702702703 0.242197864864865 0.239740030888031 0.239424861003861 0.23700532046332 0.214205633204633 0.237693629343629 0.234996648648649 0.236190262548263 0.235298617760618 0.240274741312741 0.235980281853282 0.232608274131274 0.22119066023166 0.238443042471042 0.238532918918919 0.238929984555985 0.238689023166023 0.238530108108108 0.2352851003861 0.232025521235521 0.23588694980695 0.235981745173745 0.235563911196911 0.337215173745174 0.341217023166023 0.310891146718147 0.328380911196911 0.292743579150579 0.328931907335907 0.328749451737452 0.343808579150579 0.340167903474903 0.349773181467182 0.33739593050193 0.337450065637066 0.238531065637066 0.000166795366795367 0.342292752895753 0.340818776061776 0.34126549034749 0.341411722007722 0.340518922779923 0.338857301158301 0.334628196911197 0.330805193050193 0.340787722007722 0.340573861003861 0.341331065637066 0.341111088803089 0.344627181467181 0.34002183011583 0.230556285714286 0.341156335907336 0.340792803088803 0.341015671814672 0.339026544401544 0.340626424710425
