Peking 0 0.00194432809435221 0.0020005247381352 0.00197259883121348 4.16551270903686e-05 0.00200198603471983 0.00108721411491719 0.348387181659859 0.346818980559824 0.348204805383394 0.348455954441591 0.348678524745718 0.348007091212869 0.348775437478515 0.348716874327645 0.348568052651002 0.348769143975088 0.346529835692476 0.338674975125372 0.33712497001193 0.349301830156917 0.348847838447617 0.34283979292965 0.361320224101672 0.343547173146725 0.327762550727458 0.349172996946596 0.34924884731715 0.327362255854043 0.361937077303197 0.349046010899238 0.356161697000182 0.346820330351546 0.362634022200372 0.362771954047277 0.362795083392312 0.348813262082179 0.356728461685843 0.357024692639981 0.35729708650638 0.323125515299881 0.348912847774655 0.348971387789922 0.348924904823772 0.348161498402524 0.34889573259964 0.34870609442046 0.346447494985137 0.348953505477423 0.348758349169919 0.340047759279012 0.349077868751643 0.34907367363709 0.348360341518715 0.348655884094494 0.34906341867278 0.3491745273492 0.349420032965644 0.0095830617682446 0.00956664082310477 0.347376350641013 0.370761547026975 0.365566442978687 0.358583193744566 0.0116062570218187 0.0120651807094615 0.377405810398257 0.0117306885679332 0.011725251193052 0.0117301520079672 0.0118968902139405 0.0123927664651285 0.0119068807124947 0.00956269551392231 0.0116372458091521 0.0118867795432026 0.0388496962924393 0.0121908385689443 0.116361880707439 0.119898317260834 0.118636729053344 0.118964936550866 0.119257085250136 0.116068532513194 0.117559223439427 0.116415647266091 0.116103153110024 0.118510045897114 0.118738019756132 0.264260587714598 0.26329072087386 0.368849270640811 0.267129522167513 0.326865457773037 0.261642599794249 0.26006404677421 0.261426675618769 0.326907089645724 0.308395293516066 0.32625781421754 0.327143303141367 0.323403901770368 0.325618135954846 0.259547207810952 0.26452829300548 0.255122696873799 0.292293356707379 0.263558774386791 0.262742187208056 0.262565923965685 0.269359407417144 0.268860887585182 0.265089715002123 0.293980628814228 0.26326033320021 0.262374018398783 0.259323221359169 0.0116813185575193 0.0123506958576831 0.129358155147312 0.198946240432835 0.118911492475178 0.198884058803308 0.198588352597416 0.0140194864644208 0.0119164416617799 0.014507823018826 0.013850059015631 0.0116039704795462 0.262880052931571 0.345684805787819 0.0275816329646331 0.0127701707884254 0.0125347853492205 0.0125429864214507 0.0126704514640163 0.0270360869133318 0.026377538109417 0.0252785451716782 0.0121465814839342 0.0121272029983014 0.0123508237417346 0.0123845790826643 0.0124510952950276 0.012673110713708 0.0354259548460154 0.0127243561184357 0.0126673353183831 0.0324373837254565 0.0124542021110954 0.0126597411936586
D_2 0.00194432809435221 0 0.000486150322022931 0.000446833513639213 0.00192152626483732 0.000488309978666613 0.00181493387661011 0.348749907546054 0.347174519933068 0.348550247176612 0.348818634632884 0.349028559596991 0.348368243703618 0.349137970343053 0.349075822667482 0.348926643679352 0.349135457995471 0.346912691732554 0.339039919486684 0.33746866891038 0.349677549352415 0.349214521467353 0.343201145286939 0.361699729791418 0.343926219142418 0.328130464304491 0.349545543981154 0.349621697129092 0.327730655862637 0.36233109375316 0.349409309215316 0.356466203377449 0.347175807655754 0.363021511114088 0.363166111550361 0.363196971361697 0.349186170174206 0.357087908799769 0.357347555749904 0.357662389253433 0.323479791079409 0.349283439953087 0.349343723674499 0.349300365041049 0.348537037849069 0.349265818393222 0.349078757749783 0.346820623258447 0.349319856725072 0.349128723439427 0.340430852559501 0.349444283218409 0.349439286956807 0.348726741001557 0.349022685160658 0.349432873824642 0.349537431333792 0.34978838006036 0.00951654782318565 0.00950032307948962 0.34774704776505 0.371123515588033 0.365990615324146 0.359022517124846 0.0116455247431905 0.0120989442222919 0.377779531729622 0.0117529225982246 0.0117501576825471 0.0117543901153621 0.0119185553480072 0.0124718483560148 0.0119178388394031 0.00950179333660243 0.0116596556907569 0.0119081380123552 0.0390013176778962 0.0122342384814875 0.116663926030777 0.120192951898773 0.118976419721756 0.119299791531859 0.119571833887732 0.116359410892666 0.117851849837219 0.116726817162255 0.116385779515398 0.118865464332295 0.119075892526743 0.264399700948375 0.263444945099387 0.369288765893879 0.267321939086102 0.327195979756031 0.261826298649728 0.260294536754595 0.261604811373931 0.327301540030433 0.308755010242048 0.326608968629305 0.327468160286029 0.323747927795078 0.325980099306412 0.259703098816048 0.264690947134148 0.255284898049663 0.292633717370534 0.263708634908398 0.262913985910865 0.262747265631003 0.269544013184235 0.269045157930257 0.265317412528057 0.294306932665865 0.263407635527673 0.26251751152104 0.259502153142883 0.0117073462201484 0.012422421984005 0.12979649018007 0.199571547805492 0.119320176766324 0.199487099753807 0.199238402071158 0.0141014159530261 0.0119830549006127 0.0145895234768366 0.0139523520337492 0.0117011219440681 0.26309468747346 0.346055694950256 0.027688715105757 0.012846345947162 0.0126080857758882 0.0126207683810891 0.0127515965740198 0.0271364135340626 0.0264624270367824 0.0253687273648717 0.012225543056033 0.0122055248190201 0.0124241005019918 0.0124619157457586 0.0125458234687481 0.0127517406805452 0.0355109054228257 0.0128011293399794 0.0127375762516935 0.03247931426051 0.0125513700508564 0.012741279649364
STRAIN_B 0.0020005247381352 0.000486150322022931 0 0.000239797112915293 0.00197758707004631 8.87185812791944e-06 0.00186724471973389 0.348894729543708 0.347319801581805 0.348698741047055 0.34896124390583 0.349173709501951 0.348513357720967 0.349282010550422 0.349222794340081 0.349073176925566 0.349279564705377 0.347053334860878 0.339182171218126 0.337612256842355 0.349823338927871 0.349357401793117 0.343339631056255 0.361814417699634 0.344071888492609 0.328272745584191 0.349699060999838 0.349769767759287 0.327842419494267 0.362442852776879 0.34956308422391 0.356575710927547 0.347313262461327 0.363133362766162 0.363276256200332 0.363311590335773 0.349333832477302 0.35720571752472 0.357466660157119 0.357774791430752 0.323581739363638 0.349430969695974 0.349488532083493 0.349444356560775 0.348684172681637 0.349411424448466 0.34922536157311 0.346969291660769 0.349465095236892 0.349274161650961 0.340556184460498 0.349597406148262 0.349593407892342 0.348873843654581 0.349172932506622 0.349587523815542 0.349690814900006 0.34993244481629 0.00957345173953046 0.0095573387686288 0.347890056060805 0.371244025175419 0.366112350815421 0.359123070511395 0.0116700315804906 0.0121216996516895 0.377891638785817 0.0117775470295028 0.0117748005227185 0.0117788567452935 0.0119385226199624 0.0124898941798273 0.011937311227327 0.00955767651355833 0.0116874102380038 0.0119312602016056 0.0390487341389804 0.0122696053601399 0.116722825192607 0.12026060489758 0.119038173664894 0.119358310979617 0.119636582553131 0.116421249363032 0.117909500007583 0.116789172578003 0.116442819646937 0.118921532864538 0.119134395946656 0.26448416237387 0.263542415839282 0.369383505275211 0.267419878622126 0.327309652692961 0.261909434657655 0.260387941603644 0.261704765641114 0.327399110286535 0.308868984103593 0.326720305701879 0.327579538716054 0.323844526762785 0.326078058002042 0.259798029148889 0.264783337805593 0.255371519116636 0.292710380098275 0.26378288900825 0.263004186975512 0.262831214628031 0.269636559556549 0.269140226786039 0.265401798073423 0.294375894490729 0.263483430380867 0.262607793056033 0.259593918910379 0.0117363388747902 0.0124434147068934 0.129885785442744 0.199697104149394 0.119399344981599 0.199617407252846 0.199360651118234 0.0141213089751886 0.0120085130806018 0.0146133508988332 0.0139747705144278 0.0117180296190322 0.263173474324106 0.346203816232079 0.0277280750839181 0.0128672493074232 0.0126314724789194 0.0126441857647665 0.0127733394561503 0.0271822148454088 0.0264977049926192 0.0254106900415546 0.0122461365968698 0.0122260952571128 0.0124362577194508 0.0124825362389542 0.0125648998190201 0.012767088730714 0.0355617527475583 0.0128201862475482 0.0127627430287344 0.0325189671329343 0.0125724027713182 0.0127642198198289
STRAIN_A 0.00197259883121348 0.000446833513639213 0.000239797112915293 0 0.00195118756192749 0.000241016063231755 0.00184056452591349 0.348815356937395 0.347240421627606 0.348616908792186 0.348885306442481 0.349090861211656 0.348431701178392 0.349202920095849 0.349143360405334 0.348995248377247 0.349199159772916 0.346971335356298 0.339101804170121 0.337531075106667 0.349745920545771 0.349279159398823 0.343259304900613 0.361723680449113 0.343981971485552 0.328190273155825 0.349616444485168 0.349695445433037 0.327744095934524 0.362346057812468 0.349477808666815 0.356482198236204 0.347217099966129 0.3630495821664 0.363184566767941 0.363227231373729 0.349254596836896 0.357147369836006 0.357398566649142 0.357712321037146 0.323517496049279 0.349358015590561 0.349411009890704 0.349361854917801 0.348602322596708 0.349333145481568 0.34914769990951 0.346886817895274 0.349396787414313 0.349195949138576 0.340462598560755 0.349520295932502 0.349511301490809 0.348798227165187 0.349094969607506 0.349502916281621 0.349609200897822 0.349858082189149 0.0095342797100277 0.00951830441783107 0.347817436462399 0.371121768237013 0.365985830586618 0.358990478057448 0.0116174943658625 0.0120747568726872 0.377765395249024 0.0117210421233292 0.0117179597698825 0.0117223002876469 0.0118777338306068 0.0124285723363598 0.0118766163250966 0.0095253620053384 0.0116306761192445 0.0118702263437001 0.0390006921748933 0.0122238147053768 0.11666125798991 0.120201328498777 0.118984934475664 0.119290324411562 0.119573756903019 0.116362937655451 0.117854506938406 0.116722635515034 0.116385975024265 0.118857796020969 0.119072754024023 0.264391344372434 0.263437463091218 0.36926283343781 0.267327517160233 0.327232829949649 0.261824254623076 0.260295927656057 0.2616003621115 0.327333083010636 0.308781173005177 0.326639818764787 0.327506200902878 0.323790504739348 0.326007714903545 0.259695141050593 0.264695415538491 0.255260857255879 0.292605148658828 0.263684762504297 0.26290320082452 0.262733541064243 0.269535734806281 0.269034872209472 0.265283623776616 0.294283846513356 0.263387306159384 0.262505934821952 0.259498712532607 0.0116956010201606 0.0123869269533699 0.129784340545569 0.199603052264271 0.119308348022365 0.199522251524174 0.199272983754777 0.0140593360564576 0.0119562918099003 0.0145496156021879 0.0139156663018422 0.0116691149854407 0.263083179400137 0.346121057081977 0.0276937569055467 0.012821349154753 0.0125794625730492 0.0125921606399005 0.0127207044314804 0.0271322283253797 0.026451774230077 0.0253642094185388 0.0121854587487109 0.0121651608143085 0.012385814376782 0.0124216340742725 0.0124978523547611 0.0127152446312661 0.0355112406754899 0.0127633089246355 0.0127003607465674 0.0324603143413949 0.0125132138520413 0.0127057267455968
RACOON_DOG 4.16551270903686e-05 0.00192152626483732 0.00197758707004631 0.00195118756192749 0 0.00198228591541464 0.00106405712747457 0.348700638909672 0.34712778786929 0.34850857876418 0.348764490526358 0.348990209416011 0.348316885964957 0.34908619986654 0.349029250144076 0.34887869352466 0.34908126868188 0.346838936518007 0.338972436475037 0.33742791456029 0.349615016510626 0.349154068822923 0.34315894564536 0.361617869378501 0.34387020782359 0.328075762147898 0.349483984331082 0.349557393459446 0.327634484606596 0.362244085616646 0.349352450270964 0.356423928702505 0.347118935552444 0.36293256843872 0.363075984485269 0.363099304142317 0.34912021988302 0.357019321446626 0.35731642397074 0.357589804862698 0.323449235094433 0.349222458096576 0.349281060956868 0.34923467027784 0.348473076175864 0.349203020527066 0.349015974877662 0.346757392994358 0.349262169142924 0.349068398762461 0.340376727187936 0.349391104793946 0.349379178927466 0.348665267913473 0.348962198228621 0.349377149626918 0.349479756079004 0.349733508328615 0.00954017109932663 0.00952369551644996 0.347689061348654 0.371100947354053 0.365908733226498 0.358903762789922 0.0115915805436475 0.012047821454209 0.377748556803935 0.0117140566901907 0.0117058640704305 0.0117107982250824 0.0118724989282753 0.0123777474597092 0.0118846096344003 0.00952083887731786 0.0116205312771723 0.0118667241244212 0.0389653200109195 0.0121793820546782 0.116679835358826 0.12021195037207 0.118957678293026 0.119287900089479 0.119564074767961 0.116365866807878 0.117865067639981 0.116727203695934 0.116413148797848 0.118824562096839 0.119061190190686 0.26444945313985 0.26348040454573 0.369142155847471 0.267333142051544 0.327190525888217 0.261847050292702 0.260282513540635 0.261650766101147 0.327237511222777 0.308756475577821 0.326575670950195 0.327474072070956 0.323731146176673 0.325944198059268 0.259749894879987 0.264734695875377 0.255312329168605 0.292523038339433 0.263738422171051 0.262949002987685 0.262780807941379 0.269560331835278 0.26906800592229 0.265286686609002 0.294217682023841 0.263446348328211 0.262579231704851 0.259530337638768 0.0116599118910885 0.0123398957469719 0.129777707760399 0.199631194940145 0.119301597233737 0.199561674478798 0.199265232177522 0.0140053080247912 0.0118979094013508 0.0144940738858108 0.0138419909484763 0.0115921612996178 0.263096740753847 0.345989042515115 0.0276102744423999 0.012756198840313 0.0125187749378197 0.0125298812508847 0.0126654198734152 0.0270627728019534 0.0263919456731644 0.0253057266697673 0.0121362255449619 0.0121169010424039 0.0123357129370311 0.012371917408954 0.012439997439488 0.0126624076117728 0.0354389602551918 0.0127125726447334 0.0126605548500597 0.0324855265934321 0.0124411958121853 0.0126457476240066
SKIN 0.00200198603471983 0.000488309978666613 8.87185812791944e-06 0.000241016063231755 0.00198228591541464 0 0.00187319191960043 0.348889152599438 0.347314677982124 0.348690378844559 0.348957268115686 0.349169225873557 0.348507546544193 0.349275489358583 0.349218231222069 0.349068628814228 0.349273737819243 0.347046535326472 0.339178335373991 0.337611176301235 0.349820685089883 0.349352402968475 0.343346734323499 0.361815112480537 0.344070912833903 0.328265578885507 0.349693125295735 0.349764642344752 0.327844989199341 0.362448367518149 0.349558622492569 0.356577829332902 0.347307666759347 0.363132264971286 0.363274490013245 0.363312014003195 0.349327088070997 0.357218851285564 0.35747382196985 0.357782692612177 0.323597081693729 0.349429121018947 0.34948462546256 0.349438700452955 0.348678412305624 0.349405671144824 0.34922235937658 0.346964752019594 0.349468435875983 0.349269830943017 0.340554877145977 0.349591653491699 0.349587158787131 0.34886791456029 0.349166178849109 0.349580467355368 0.349685078478555 0.349925891634481 0.00956930588892484 0.00955310067387216 0.347893290121428 0.371248288850019 0.366112449601136 0.359132937074091 0.0116856087851091 0.01213673881261 0.377883667676885 0.0117952720815724 0.0117897893151073 0.0117939754463834 0.0119537633510606 0.0125070579540169 0.0119529801604554 0.00955813935959396 0.0117002404606394 0.0119432635911876 0.0390482317806806 0.0122756069475057 0.116720357149718 0.120254232834712 0.119033542479728 0.119355775112228 0.119634809215316 0.116416907503084 0.117907385130831 0.116784826052009 0.11644267198906 0.118919376301741 0.119133938365721 0.264480887203506 0.263531591971165 0.36940525123855 0.267423271434493 0.32731253973217 0.261914232963622 0.26038900857127 0.261695436338544 0.32741276516086 0.308888729804056 0.326721970451742 0.327578499269508 0.323847893176349 0.326082088058358 0.259795868332053 0.264785545803591 0.255358464767052 0.292704607046084 0.263778885459426 0.262997673427295 0.2628192903565 0.269633714044143 0.269147221991082 0.265384132853416 0.294392189318646 0.26348092554294 0.262604897771621 0.259587879137767 0.0117495960887105 0.0124578138282814 0.129868864656846 0.199692921240875 0.119395037871818 0.199618329545225 0.199354718502922 0.0141261372919742 0.0120210981841344 0.0146285007481851 0.0139860780463268 0.0117316938456716 0.263172382049623 0.346196054352112 0.0277373180267122 0.012882232738661 0.0126461532945423 0.0126613934417528 0.0127870501663195 0.0271836269690413 0.0265060903686328 0.0254163757254363 0.0122608249954502 0.0122407724126949 0.0124490487179746 0.0124970391533375 0.0125755608026813 0.0127844934736012 0.0355757743210725 0.0128360139172548 0.0127787220896609 0.0325196458682992 0.0125870100929165 0.012778888646796
DOG_STRAIN 0.00108721411491719 0.00181493387661011 0.00186724471973389 0.00184056452591349 0.00106405712747457 0.00187319191960043 0 0.34865915213435 0.347084367449902 0.348457108555093 0.348722228557924 0.348936998334277 0.348270860185429 0.349040096093766 0.348983866949427 0.348833347324733 0.349038732410066 0.346795549160314 0.338942356560775 0.337372550851313 0.349570904055366 0.349109638444584 0.343083279406709 0.361542674524296 0.343815022018381 0.328027775534346 0.349443887013932 0.349510841579378 0.327560868726366 0.362165050871534 0.349303814869674 0.356331762372859 0.347066957224536 0.362848040192203 0.362989850835642 0.363019712729764 0.349074491110246 0.356993527703072 0.357281492985764 0.357555714797383 0.323398258080905 0.349177483863466 0.349238262410774 0.349192046746406 0.348431448104766 0.349159059710735 0.348970789919216 0.346713435322427 0.349215966268477 0.349024177016561 0.340325852091885 0.349341515044588 0.349331663521424 0.348622597104827 0.348919403934038 0.34933690661335 0.349438259466059 0.34969105714264 0.00945977607273573 0.00944295756829717 0.347639955930378 0.371036568309809 0.365893638692294 0.358838416868036 0.0115710062989101 0.0120258416577356 0.377700369252118 0.0116862543197582 0.0116799418083837 0.0116838737387014 0.0118448383212343 0.0123814246254019 0.0118521418189999 0.00944125600570238 0.0115894669913858 0.0118378517582351 0.0389190872874244 0.0121549662634218 0.116593900569733 0.120131416726488 0.118867941856409 0.119199036784927 0.119480969321881 0.116297789476877 0.117785008379168 0.116639556510727 0.116327394245546 0.118746699110772 0.11897182581441 0.264425502868886 0.263457592390755 0.369111790209896 0.267323602405314 0.327120210735446 0.261832922813075 0.260274818800174 0.261613547256991 0.327164968194548 0.308707009177906 0.326526143113158 0.327419954257072 0.323671192589428 0.325888073974279 0.259728456878248 0.264732599384769 0.255300371324793 0.292514205060866 0.263712405834833 0.262923578382505 0.262735225466605 0.269553975335167 0.269052824990395 0.265270647647767 0.294219050469638 0.263427778436091 0.262550724870079 0.259492499433806 0.0116383946398601 0.0123365860160152 0.129681154565952 0.199527826514569 0.119212814819121 0.199459932402989 0.199161311626696 0.014002515909045 0.0119002386129254 0.0144953494504883 0.0138477820961317 0.0116073808464603 0.263079871198411 0.34594323044608 0.0275933663933432 0.0127598494353224 0.0125216830803996 0.012536314915172 0.0126623449891816 0.027038703961337 0.0263630008745678 0.0252725484576264 0.0121426252502376 0.0121231973818575 0.0123377941378683 0.0123717248801893 0.0124439945352153 0.0126666824914565 0.0354188208880149 0.0127116710664671 0.012655341713344 0.0323868958101632 0.012445285366914 0.012649414608315
IECDR1 0.348387181659859 0.348749907546054 0.348894729543708 0.348815356937395 0.348700638909672 0.348889152599438 0.34865915213435 0 0.000102734601540857 9.58204684245648e-05 3.89752466988858e-05 3.92485364891918e-05 0.000102562460821386 9.72020200998928e-05 0.00010142637453744 9.66310309789093e-05 0.000103977822376802 0.000125779095808141 0.000446847023941925 0.000464194366368067 0.000462105400582371 0.000436180620993671 0.000452754878369361 0.133537801478171 0.00219355333094049 0.000441436871878349 0.00045055545922391 0.000459856275150143 0.130276372654338 0.132942138912199 0.000458272263563384 0.205940862366793 0.000449782662325845 0.134013382610762 0.134779647688209 0.134178377001901 0.000431283976705154 0.0571082791210847 0.0569894242841688 0.0570290711736396 0.258978971263119 0.000445061560977089 0.000410931194770792 0.000416422830768609 0.000425688949608719 0.000414852746547227 0.000430990683072817 0.000418349963601804 0.000461111297595697 0.000430964013811093 0.000504140337795483 0.000493320637777284 0.000461900971629628 0.000438569047883849 0.000428651277475583 0.000442036198511718 0.000472651459466564 0.000428754107435343 0.349006416931228 0.348930667808323 0.000446442066204275 0.244818288367238 0.242538910816836 0.240029379744404 0.347413972486502 0.347981557582452 0.278837063881362 0.349161617068226 0.348998687415324 0.348979882049623 0.349255786739429 0.349116274910016 0.349276482953511 0.348887248660344 0.349227200121833 0.349197186151497 0.320740702512992 0.337222334913959 0.331631463073524 0.334298865003134 0.331203123091622 0.332788095805613 0.330888771151396 0.331964736881483 0.332037476439751 0.330664393555497 0.331442391073342 0.332190364381332 0.333262975446383 0.297489928770752 0.29146183634461 0.248178843626777 0.297980436558449 0.259550903522031 0.294280402900229 0.294613638790872 0.294103064030494 0.259638416597577 0.242922173834247 0.259272162371342 0.259903147400057 0.258377989714982 0.25919295127697 0.2914317780165 0.29328233162801 0.286961366494449 0.26354287479526 0.294817925226983 0.291899286441166 0.293122586453299 0.295352202689928 0.295096374484359 0.292352203953754 0.270828817718339 0.293384888472388 0.293214228547813 0.296223056629527 0.348075029105919 0.349069117184498 0.32561292135462 0.335600075177441 0.318056283071806 0.335317937706004 0.335699463882373 0.353896463280792 0.349202929769175 0.354998576130366 0.346805169175783 0.346138893583301 0.295123108734556 0.00042184296453198 0.347306560183406 0.348964466124401 0.349013722190767 0.349002208988838 0.349049066649142 0.339274532616828 0.345106476384142 0.341779655516349 0.349078162977979 0.349059727569612 0.34911070052373 0.34901527439943 0.348782634824985 0.348151190387843 0.245774154861687 0.349110348644167 0.34936893860332 0.348539080945544 0.348712161999778 0.349269261473015
BD09 0.346818980559824 0.347174519933068 0.347319801581805 0.347240421627606 0.34712778786929 0.347314677982124 0.347084367449902 0.000102734601540857 0 4.3717443835561e-05 0.000114655041150183 0.00010875538895517 4.93920009908398e-05 4.4643595939579e-05 4.65381700806827e-05 4.56419706590096e-05 5.81419832972721e-05 7.66662209572726e-05 0.000460030604816695 0.000474419120174711 0.000474646040179564 0.000453644488200918 0.000464491024305907 0.133527045687319 0.00220019935342649 0.000453090949992923 0.000470690936343599 0.000471560165712899 0.130211525324551 0.13294918387661 0.000476404447151841 0.20586696975411 0.000474628690372677 0.13402234636928 0.134810438449134 0.134188117535842 0.00044809088680161 0.0571133544906275 0.0570030573397974 0.0570338798682588 0.258647129757042 0.000456418280994075 0.000429468995814207 0.00043542645542232 0.000445796430449113 0.000431449727519058 0.000447962042242129 0.000434593662164075 0.000474407159322994 0.00044723600944331 0.000525472344953795 0.000510380383899865 0.000475077636847107 0.000458961728813217 0.000441372527955837 0.000458871175661739 0.000491798925242149 0.000446432344852688 0.347443328443168 0.347364441676946 0.000460478911795038 0.244764737308657 0.242485247704891 0.239953721460275 0.34587132648171 0.346441518704629 0.278682626016116 0.347586218368956 0.3474387224132 0.34741972625776 0.347683033678442 0.347541083599579 0.347705191507593 0.347312665323641 0.347655125022749 0.34763097589125 0.3193686822943 0.335747972683659 0.330356647367197 0.333065091205286 0.329997647852506 0.33159646295978 0.32969421271207 0.330711801950842 0.330845936118638 0.329456105787313 0.330235849756334 0.331001642299254 0.332083535624735 0.296983396401634 0.291083257754838 0.248099367849271 0.297550178846582 0.259264016720421 0.293865614358583 0.294196018029745 0.2936675136746 0.259354185380563 0.242586555540109 0.258962581339858 0.259617284959962 0.258046205007785 0.258922333177461 0.291004111841041 0.292913697803975 0.286583865619882 0.263320311083251 0.294440126407902 0.291534738751946 0.292715930699351 0.294956842539886 0.294691574497503 0.291942427896184 0.270665099660284 0.292973604316219 0.292799840168948 0.295763337236871 0.346493919208643 0.347499365607243 0.324425745457808 0.334606012284391 0.316867276727398 0.334314508022769 0.334703192399854 0.352322935360342 0.347634731826178 0.353407135285018 0.34522967749176 0.344552850739591 0.294730698799871 0.000439683795725234 0.345882527571634 0.347397601884618 0.347441583000526 0.347429928045316 0.347479344834995 0.33790267910693 0.343658128475522 0.340356049319556 0.347506678566012 0.347487105711484 0.347515143171294 0.347443168521121 0.347244883497968 0.346573984381635 0.24474841825319 0.347536670325865 0.34778585118193 0.347127623753867 0.347127879731766 0.347698628088791
BD12 0.348204805383394 0.348550247176612 0.348698741047055 0.348616908792186 0.34850857876418 0.348690378844559 0.348457108555093 9.58204684245648e-05 4.3717443835561e-05 0 0.000107772983944351 0.000106158787131215 4.7993458435282e-05 3.78828711099428e-05 4.80752583260874e-05 4.34351859341193e-05 4.58867106141185e-05 7.5467438780256e-05 0.000457787128687845 0.000474664850969607 0.000472379999696682 0.000444965072897499 0.000464158003558935 0.133599375647079 0.00220568865134572 0.000453339314601743 0.00045894649717914 0.000468342835621701 0.130313174021293 0.132993025857885 0.000467045148929286 0.206006953688351 0.000466833404950155 0.134064081501628 0.134838365291287 0.134231758065739 0.000440249954502255 0.0571446615549107 0.0570260083134491 0.0570675964804966 0.258935162636746 0.000453608074838736 0.000422878708066245 0.000427917558085455 0.000436479328857703 0.000422039444017552 0.000437893497361131 0.000427277417446869 0.000466813825753746 0.000439453288981457 0.000519561583725962 0.00050370916324591 0.000469746660971023 0.000449235572159424 0.000436102339595171 0.000455007411077185 0.000481326921521445 0.000437665715426769 0.348815604187309 0.34873710942966 0.000452815135077751 0.244822582773037 0.242550774899905 0.239996329818211 0.34724965160607 0.347803037019999 0.27881740081997 0.348980026598487 0.348823586541767 0.348804747169029 0.349079611381008 0.348927341066265 0.349101500475199 0.348691547934402 0.349048634516612 0.34902024270014 0.320553064447556 0.337014401952359 0.331413850711787 0.334100384124826 0.331012882689119 0.332594210459932 0.330697978004368 0.331751625975674 0.331852193463996 0.330464180102825 0.331247742331102 0.3319932569561 0.333068380343457 0.297456613099812 0.291490782141629 0.248161837380948 0.298001496509312 0.259492313047237 0.294320568542353 0.29464906898722 0.294127571626089 0.259584995076133 0.242859058687036 0.259218487245465 0.259853322816614 0.258310210823914 0.259150543559036 0.291444536883506 0.293300417846238 0.286994046566942 0.263563703175237 0.294853078412836 0.291926300103128 0.293149496499201 0.295394367002507 0.295135192076315 0.292394412803571 0.270824994017047 0.293412776239561 0.293239078486138 0.296231425588438 0.347880423781166 0.348882324237154 0.325433071206499 0.335471580763553 0.31788300144329 0.335187024548561 0.335562060640912 0.353696032295816 0.349008975989829 0.354802232468202 0.346607829423897 0.345958711574626 0.295164143755182 0.000427457535437688 0.347126610865367 0.348776865996502 0.348822975871029 0.34881536916365 0.348859776616181 0.339040834120276 0.344921473876711 0.341589464180636 0.348892911302146 0.348878142316947 0.348923853009423 0.348826150986795 0.34859148661608 0.347946813984996 0.245601457297838 0.348923071947101 0.349176320673164 0.348368998587042 0.348521243920996 0.349084193284533
BD14 0.348455954441591 0.348818634632884 0.34896124390583 0.348885306442481 0.348764490526358 0.348957268115686 0.348722228557924 3.89752466988858e-05 0.000114655041150183 0.000107772983944351 0 4.83426561583726e-05 0.000108267380138718 0.000106863534568176 0.000114591071320243 0.000106485865367116 0.000108791215901968 0.000135190236183851 0.000458608956989465 0.000477427175803288 0.00047673561765717 0.000456249767455968 0.000461818977109579 0.133584350956969 0.00220605101561078 0.00045357907508139 0.00046865401492326 0.000477073519301155 0.130337834484258 0.132984313441551 0.000474882064788789 0.206009805497139 0.000458209155662953 0.134052539123006 0.134835897293895 0.134223625593998 0.00044044714931349 0.0571271242745637 0.0570156368193032 0.0570544276055042 0.25911729308131 0.00046174417881625 0.000430662343538309 0.000436322632095121 0.000439450852324429 0.000425038111944675 0.00044771832598629 0.000434648479364245 0.000479210917436758 0.000447258318504439 0.000505928434574242 0.000506907788708471 0.00047040801872485 0.000447927120194932 0.000445179923361576 0.000458207851394253 0.000485331238751946 0.000447037487614503 0.349078143580774 0.349002341880169 0.000460100221422361 0.24491719473035 0.242649946196388 0.240090980339919 0.347484064328757 0.348060005704912 0.278990391080925 0.349241994944695 0.349078176255738 0.349059315180575 0.349332820132247 0.349192368152589 0.349356112518452 0.348953300376115 0.34930927493782 0.349276644025641 0.320853220191394 0.33729767559602 0.331728507886276 0.334397722233737 0.331304588563889 0.332887562417851 0.330991820038724 0.332076147015853 0.332137879054355 0.330761399091056 0.331549545429499 0.332283294069622 0.333358681639638 0.297656431672497 0.291639590891857 0.248240389207935 0.298178097190767 0.259722318026712 0.294469833991366 0.294799254448668 0.294289161908782 0.259797096558854 0.243034077712677 0.259424259653105 0.260059395491679 0.258520455531009 0.259352804799507 0.291640194823873 0.293472464026449 0.287154360554466 0.263690278322347 0.295012773133076 0.292096520195944 0.293310999479304 0.295536487713081 0.295278522480941 0.292535141141589 0.270998487917821 0.29356968619194 0.293397038852547 0.29644059401098 0.348151801998868 0.349152948602714 0.325698341255839 0.335722678636786 0.318144118673286 0.335441725714315 0.335820516358967 0.353969992280549 0.349278971258063 0.355080198314561 0.346872247874244 0.346209377838554 0.295313477402786 0.000433920586213172 0.347381444035246 0.349044464034032 0.349090928384021 0.349078590004651 0.349126377143449 0.339333932979293 0.345213751817382 0.341877810552444 0.349154365162376 0.34913717257042 0.349193897951085 0.349090104462823 0.348880645165612 0.348218059427638 0.245900204135745 0.349186182382767 0.349438344496289 0.348617146727701 0.348795329423897 0.349342247153863
BD15 0.348678524745718 0.349028559596991 0.349173709501951 0.349090861211656 0.348990209416011 0.349169225873557 0.348936998334277 3.92485364891918e-05 0.00010875538895517 0.000106158787131215 4.83426561583726e-05 0 0.000103912065496532 0.000106790538491093 0.000105560456392939 0.000105834458981255 0.000117396624067296 0.000129346910197561 0.000454828769235436 0.000475757830667502 0.000465286736901705 0.000454647637655956 0.00045705955402099 0.133570156992498 0.00219640422219077 0.000445697445048834 0.000466777677795078 0.000464769960871939 0.130321925017188 0.132969609763311 0.000473348737690332 0.205964484937719 0.000459054743898247 0.134061501893212 0.134839719531677 0.134228585338604 0.000443299951469072 0.0571269006076477 0.0570152316568257 0.0570511250960508 0.259099905253473 0.000458190362566477 0.000425358208804319 0.00043047006248357 0.000439813140759913 0.000429581994520049 0.000445560774877156 0.000433568474106728 0.000466785794087315 0.000448216781590601 0.000509424766950438 0.000499347756961155 0.000465304994135846 0.000455368673285746 0.000435391867025256 0.000451372323215983 0.000483840247305522 0.000445325660222838 0.349295471101349 0.349224382514711 0.000461232940873152 0.24484133684003 0.242585453966392 0.240053257059733 0.347684451049481 0.348276846220148 0.278910739735203 0.34945589459689 0.349297387456272 0.349277581640649 0.349554521934969 0.349405534130892 0.349574082922168 0.349173358004064 0.349522710748084 0.349497710505429 0.32097059443057 0.33745881062069 0.331798778271793 0.334475357746244 0.331402641336218 0.332992587037187 0.331087581097203 0.332155890777607 0.332247099099145 0.33085231757679 0.331636869431581 0.332386789438962 0.333453468050472 0.297661456923746 0.29166222295159 0.248190716187592 0.298181239166481 0.259681637835419 0.294501237192385 0.294825313251977 0.29430748247073 0.25976370422674 0.243022289722059 0.259389340474794 0.260016399935292 0.258495360931086 0.259327812660506 0.291649926344206 0.2934973668281 0.287180382906497 0.263690707469719 0.295042618761754 0.292116701332578 0.293332958053606 0.295555334800214 0.295296299256365 0.29257526197349 0.270981584089944 0.293605944957839 0.293442722602774 0.296434364042626 0.348368698802398 0.34935526546165 0.325794529396599 0.335678851348755 0.318229037487614 0.335390425095545 0.335766262463855 0.354187665819061 0.349496832955028 0.355286129951671 0.347078044666148 0.346433606247346 0.295353164944493 0.000434792555557802 0.347590379587689 0.349256369514994 0.349310101212262 0.349296760161163 0.349333671890482 0.339461071578064 0.34536030049997 0.342046501364932 0.349369547259519 0.349352356090631 0.349391180322731 0.349308280063899 0.349086012971913 0.348393483325076 0.245938576941743 0.34939882317554 0.349661664026955 0.348840932941379 0.34900397932633 0.349564249716903
BD17 0.348007091212869 0.348368243703618 0.348513357720967 0.348431701178392 0.348316885964957 0.348507546544193 0.348270860185429 0.000102562460821386 4.93920009908398e-05 4.7993458435282e-05 0.000108267380138718 0.000103912065496532 0 4.67746446120559e-05 4.40548273107799e-05 4.33412735324449e-05 4.86952914888884e-05 6.56560269346653e-05 0.000452489163953653 0.000472986830930378 0.000465816196691808 0.00044873337057408 0.000450067918023173 0.133550828036216 0.0021918023881261 0.000437623341859948 0.000462869042323014 0.000462390476816371 0.1302932895704 0.132960173664894 0.000468910945746466 0.205955510426567 0.000456944262734314 0.134056759931147 0.134830544509433 0.134220184849756 0.000437469124724486 0.0571183765620892 0.0570042060845651 0.0570501149854407 0.259065671299011 0.000456347203405253 0.000422251251187997 0.000428297906598184 0.000431785382079955 0.000416803798556205 0.000444600052069642 0.000431276714759469 0.000462823071906659 0.000444702753119123 0.000507110215760419 0.000488361520029119 0.000455427019088832 0.00044634878571573 0.000429405389966231 0.000447151295169151 0.000481810585303217 0.000441216460578731 0.348623710197056 0.348553799693648 0.00045335559015631 0.244850628604433 0.242568845310193 0.239980883707763 0.34698708813166 0.347601783003559 0.278876726353811 0.348783002833498 0.348624688264615 0.348605892473662 0.348870860612602 0.34872442911704 0.348891749527329 0.348498542168827 0.348841127492265 0.34881111302651 0.320438642536853 0.336815490877702 0.331366224346855 0.334073813239338 0.330977161405779 0.332579616105191 0.330668860926031 0.331711685458921 0.331827695824824 0.330436032020302 0.331210295262674 0.331970955809051 0.333046021080622 0.297416111975007 0.291441333258346 0.248170993827473 0.297971303070592 0.259643222850484 0.294279723280185 0.294608463556306 0.294085947316139 0.259729180944533 0.242982695786909 0.259363090454573 0.259976304511354 0.258450110230926 0.259290753404748 0.291439397599741 0.29326976943512 0.286963505363679 0.263519399781105 0.294818923139142 0.291884959782521 0.293119892418053 0.295319563125594 0.295050076544901 0.292334523643662 0.270811821613451 0.293377599167391 0.293208620955756 0.296193683186561 0.347652770175722 0.34867869232908 0.32537840649455 0.335416856462196 0.317845067857359 0.335132931225103 0.335513549822559 0.353501922871211 0.348810943810284 0.354594061603947 0.34640416497988 0.345749323579965 0.295158406196287 0.000428078379976948 0.346970819937618 0.348573339008756 0.348617979429964 0.34861016651922 0.348651113569955 0.338871957222009 0.344720864907083 0.341429765825632 0.348688975911471 0.348670757079955 0.348718078996724 0.348623268140962 0.348386661165652 0.347715654098336 0.245619170346086 0.348711389468283 0.348972307716418 0.348251047514812 0.348314421301539 0.348875204598306
BD21 0.348775437478515 0.349137970343053 0.349282010550422 0.349202920095849 0.34908619986654 0.349275489358583 0.349040096093766 9.72020200998928e-05 4.4643595939579e-05 3.78828711099428e-05 0.000106863534568176 0.000106790538491093 4.67746446120559e-05 0 4.14358077366388e-05 3.89270848077973e-05 4.54399707803369e-05 7.51612718136412e-05 0.000454874560188462 0.000470783294238974 0.000471172901542879 0.000450039426323984 0.000460582234647039 0.133578119638849 0.00220536522304006 0.000451757560208683 0.000463671781792813 0.00046798532697713 0.130318931404566 0.132986755257517 0.000468148628495743 0.205989533372596 0.00046427278173215 0.13405572447071 0.134834979220169 0.134222600663762 0.00043911723252381 0.0571547857865044 0.0570423489019877 0.0570878764357066 0.259074706342386 0.000455022187733808 0.000423899265464178 0.000428316717388227 0.000433917209269407 0.000426610359836613 0.000442578165126484 0.000427294792530281 0.000471618635370958 0.000441778140355489 0.000515935810264291 0.000505584911431056 0.000472403249044547 0.000450584931652276 0.00044157353446707 0.000453451608092532 0.000479511399712859 0.000437366143105575 0.349400274338766 0.349325825915516 0.000449047974844802 0.244868502975047 0.242607635737468 0.24007463809324 0.347795464077002 0.348392473272602 0.278872765532425 0.349570014660385 0.34940904760328 0.349390303315775 0.349665360117182 0.349522871807575 0.349686801030777 0.349275135714719 0.349634087843508 0.349607633586436 0.321076044906275 0.337603660950802 0.33190684471114 0.334564912864235 0.331479857849878 0.333050413776717 0.331171244585768 0.332244859123815 0.332324099397408 0.330940222410673 0.331730633283117 0.332465911542272 0.333529706842861 0.297668933416577 0.29164956012527 0.248200060711686 0.29819994026146 0.259650413468344 0.294484948173013 0.294817067152145 0.294321351520636 0.259726414431379 0.243008194262734 0.259364760846157 0.260002080594201 0.258478438676622 0.25928538212798 0.291641657503084 0.293474884440782 0.287176339238772 0.263665804263644 0.295034563598265 0.292108744037268 0.29332774925687 0.295562869378501 0.295295311679777 0.29256766224496 0.270951677893657 0.293587041713849 0.293406735003438 0.296450245306149 0.348465124772511 0.349470106429337 0.325852459198633 0.335765392418054 0.31829682494237 0.335470500265404 0.335851900794694 0.354304338768629 0.349609712102906 0.355399882357996 0.347192383300811 0.34654638017916 0.295352056743271 0.0004293338017916 0.347708077629264 0.349374332181566 0.349409719584757 0.349405299974218 0.349451400564678 0.339589601290619 0.345471489029988 0.342178450473177 0.349484950096556 0.349466711352193 0.349512427542313 0.349421893964977 0.349203775855358 0.348502209835601 0.246027037937537 0.349513473285241 0.349770678004873 0.348940927332518 0.349113627618648 0.349677221442582
